0000009d5000  00000000 00000000 000017a1 00000000  
0000009d5010  c91db700 00007fc7 00000000 00000000
0000009d5020  00000000 00000000 00000000 00000000
0000009d5030  00000000 00000000 00000000 00000000
0000009d5040  00000000 00000000 00000000 00000000
0000009d5050  00000000 00000000 00000000 00000000
0000009d5060  00000000 00000000 00000000 00000000
0000009d5070  00000000 00000000 00000000 00000000
0000009d5080  00000000 00000000 00000000 00000000
0000009d5090  00000000 00000000 00000000 00000000
0000009d50a0  00000000 00000000 00000000 00000000
0000009d50b0  00000000 00000000 00000000 00000000
0000009d50c0  00000000 00000000 00000000 00000000
0000009d50d0  00000000 00000000 00000000 00000000
0000009d50e0  00000000 00000000 00000000 00000000
0000009d50f0  00000000 00000000 00000000 00000000
0000009d5100  00000000 00000000 00000000 00000000
0000009d5110  00000000 00000000 00000000 00000000
0000009d5120  00000000 00000000 00000000 00000000
0000009d5130  00000000 00000000 00000000 00000000
0000009d5140  00000000 00000000 00000000 00000000
0000009d5150  00000000 00000000 00000000 00000000
0000009d5160  00000000 00000000 00000000 00000000
0000009d5170  00000000 00000000 00000000 00000000
0000009d5180  00000000 00000000 00000000 00000000
0000009d5190  00000000 00000000 00000000 00000000
0000009d51a0  00000000 00000000 00000000 00000000
0000009d51b0  00000000 00000000 00000000 00000000
0000009d51c0  00000000 00000000 00000000 00000000
0000009d51d0  00000000 00000000 00000000 00000000
0000009d51e0  00000000 00000000 00000000 00000000
0000009d51f0  00000000 00000000 00000000 00000000
0000009d5200  00000000 00000000 00000000 00000000
0000009d5210  00000000 00000000 00000000 00000000
0000009d5220  00000000 00000000 00000000 00000000
0000009d5230  00000000 00000000 00000000 00000000
0000009d5240  00000000 00000000 00000000 00000000
0000009d5250  00000000 00000000 00000000 00000000
0000009d5260  00000000 00000000 00000000 00000000
0000009d5270  00000000 00000000 00000000 00000000
0000009d5280  00000000 00000000 00000000 00000000
0000009d5290  00000000 00000000 00000000 00000000
0000009d52a0  00000000 00000000 00000000 00000000
0000009d52b0  00000000 00000000 00000000 00000000
0000009d52c0  00000000 00000000 00000000 00000000
0000009d52d0  00000000 00000000 00000000 00000000
0000009d52e0  00000000 00000000 00000000 00000000
0000009d52f0  00000000 00000000 00000000 00000000
0000009d5300  00000000 00000000 00000000 00000000
0000009d5310  00000000 00000000 00000000 00000000
0000009d5320  00000000 00000000 00000000 00000000
0000009d5330  00000000 00000000 00000000 00000000
0000009d5340  00000000 00000000 00000000 00000000
0000009d5350  00000000 00000000 00000000 00000000
0000009d5360  00000000 00000000 00000000 00000000
0000009d5370  00000000 00000000 00000000 00000000
0000009d5380  00000000 00000000 00000000 00000000
0000009d5390  00000000 00000000 00000000 00000000
0000009d53a0  00000000 00000000 00000000 00000000
0000009d53b0  00000000 00000000 00000000 00000000
0000009d53c0  00000000 00000000 00000000 00000000
0000009d53d0  00000000 00000000 00000000 00000000
0000009d53e0  00000000 00000000 00000000 00000000
0000009d53f0  00000000 00000000 00000000 00000000
0000009d5400  00000000 00000000 00000000 00000000
0000009d5410  00000000 00000000 00000000 00000000
0000009d5420  00000000 00000000 00000000 00000000
0000009d5430  00000000 00000000 00000000 00000000
0000009d5440  00000000 00000000 00000000 00000000
0000009d5450  00000000 00000000 00000000 00000000
0000009d5460  00000000 00000000 00000000 00000000
0000009d5470  00000000 00000000 00000000 00000000
0000009d5480  00000000 00000000 00000000 00000000
0000009d5490  00000000 00000000 00000000 00000000
0000009d54a0  00000000 00000000 00000000 00000000
0000009d54b0  00000000 00000000 00000000 00000000
0000009d54c0  00000000 00000000 00000000 00000000
0000009d54d0  00000000 00000000 00000000 00000000
0000009d54e0  00000000 00000000 00000000 00000000
0000009d54f0  00000000 00000000 00000000 00000000
0000009d5500  00000000 00000000 00000000 00000000
0000009d5510  00000000 00000000 00000000 00000000
0000009d5520  00000000 00000000 00000000 00000000
0000009d5530  00000000 00000000 00000000 00000000
0000009d5540  00000000 00000000 00000000 00000000
0000009d5550  00000000 00000000 00000000 00000000
0000009d5560  00000000 00000000 00000000 00000000
0000009d5570  00000000 00000000 00000000 00000000
0000009d5580  00000000 00000000 00000000 00000000
0000009d5590  00000000 00000000 00000000 00000000
0000009d55a0  00000000 00000000 00000000 00000000
0000009d55b0  00000000 00000000 00000000 00000000
0000009d55c0  00000000 00000000 00000000 00000000
0000009d55d0  00000000 00000000 00000000 00000000
0000009d55e0  00000000 00000000 00000000 00000000
0000009d55f0  00000000 00000000 00000000 00000000
0000009d5600  00000000 00000000 00000000 00000000
0000009d5610  00000000 00000000 00000000 00000000
0000009d5620  00000000 00000000 00000000 00000000
0000009d5630  00000000 00000000 00000000 00000000
0000009d5640  00000000 00000000 00000000 00000000
0000009d5650  00000000 00000000 00000000 00000000
0000009d5660  00000000 00000000 00000000 00000000
0000009d5670  00000000 00000000 00000000 00000000
0000009d5680  00000000 00000000 00000000 00000000
0000009d5690  00000000 00000000 00000000 00000000
0000009d56a0  00000000 00000000 00000000 00000000
0000009d56b0  00000000 00000000 00000000 00000000
0000009d56c0  00000000 00000000 00000000 00000000
0000009d56d0  00000000 00000000 00000000 00000000
0000009d56e0  00000000 00000000 00000000 00000000
0000009d56f0  00000000 00000000 00000000 00000000
0000009d5700  00000000 00000000 00000000 00000000
0000009d5710  00000000 00000000 00000000 00000000
0000009d5720  00000000 00000000 00000000 00000000
0000009d5730  00000000 00000000 00000000 00000000
0000009d5740  00000000 00000000 00000000 00000000
0000009d5750  00000000 00000000 00000000 00000000
0000009d5760  00000000 00000000 00000000 00000000
0000009d5770  00000000 00000000 00000000 00000000
0000009d5780  00000000 00000000 00000000 00000000
0000009d5790  00000000 00000000 00000000 00000000
0000009d57a0  00000000 00000000 00000000 00000000
0000009d57b0  00000000 00000000 00000000 00000000
0000009d57c0  00000000 00000000 00000000 00000000
0000009d57d0  00000000 00000000 00000000 00000000
0000009d57e0  00000000 00000000 00000000 00000000
0000009d57f0  00000000 00000000 00000000 00000000
0000009d5800  00000000 00000000 00000000 00000000
0000009d5810  00000000 00000000 00000000 00000000
0000009d5820  00000000 00000000 00000000 00000000
0000009d5830  00000000 00000000 00000000 00000000
0000009d5840  00000000 00000000 00000000 00000000
0000009d5850  00000000 00000000 00000000 00000000
0000009d5860  00000000 00000000 00000000 00000000
0000009d5870  00000000 00000000 00000000 00000000
0000009d5880  00000000 00000000 00000000 00000000
0000009d5890  00000000 00000000 00000000 00000000
0000009d58a0  00000000 00000000 00000000 00000000
0000009d58b0  00000000 00000000 00000000 00000000
0000009d58c0  00000000 00000000 00000000 00000000
0000009d58d0  00000000 00000000 00000000 00000000
0000009d58e0  00000000 00000000 00000000 00000000
0000009d58f0  00000000 00000000 00000000 00000000
0000009d5900  00000000 00000000 00000000 00000000
0000009d5910  00000000 00000000 00000000 00000000
0000009d5920  00000000 00000000 00000000 00000000
0000009d5930  00000000 00000000 00000000 00000000
0000009d5940  00000000 00000000 00000000 00000000
0000009d5950  00000000 00000000 00000000 00000000
0000009d5960  00000000 00000000 00000000 00000000
0000009d5970  00000000 00000000 00000000 00000000
0000009d5980  00000000 00000000 00000000 00000000
0000009d5990  00000000 00000000 00000000 00000000
0000009d59a0  00000000 00000000 00000000 00000000
0000009d59b0  00000000 00000000 00000000 00000000
0000009d59c0  00000000 00000000 00000000 00000000
0000009d59d0  00000000 00000000 00000000 00000000
0000009d59e0  00000000 00000000 00000000 00000000
0000009d59f0  00000000 00000000 00000000 00000000
0000009d5a00  00000000 00000000 00000000 00000000
0000009d5a10  00000000 00000000 00000000 00000000
0000009d5a20  00000000 00000000 00000000 00000000
0000009d5a30  00000000 00000000 00000000 00000000
0000009d5a40  00000000 00000000 00000000 00000000
0000009d5a50  00000000 00000000 00000000 00000000
0000009d5a60  00000000 00000000 00000000 00000000
0000009d5a70  00000000 00000000 00000000 00000000
0000009d5a80  00000000 00000000 00000000 00000000
0000009d5a90  00000000 00000000 00000000 00000000
0000009d5aa0  00000000 00000000 00000000 00000000
0000009d5ab0  00000000 00000000 00000000 00000000
0000009d5ac0  00000000 00000000 00000000 00000000
0000009d5ad0  00000000 00000000 00000000 00000000
0000009d5ae0  00000000 00000000 00000000 00000000
0000009d5af0  00000000 00000000 00000000 00000000
0000009d5b00  00000000 00000000 00000000 00000000
0000009d5b10  00000000 00000000 00000000 00000000
0000009d5b20  00000000 00000000 00000000 00000000
0000009d5b30  00000000 00000000 00000000 00000000
0000009d5b40  00000000 00000000 00000000 00000000
0000009d5b50  00000000 00000000 00000000 00000000
0000009d5b60  00000000 00000000 00000000 00000000
0000009d5b70  00000000 00000000 00000000 00000000
0000009d5b80  00000000 00000000 00000000 00000000
0000009d5b90  00000000 00000000 00000000 00000000
0000009d5ba0  00000000 00000000 00000000 00000000
0000009d5bb0  00000000 00000000 00000000 00000000
0000009d5bc0  00000000 00000000 00000000 00000000
0000009d5bd0  00000000 00000000 00000000 00000000
0000009d5be0  00000000 00000000 00000000 00000000
0000009d5bf0  00000000 00000000 00000000 00000000
0000009d5c00  00000000 00000000 00000000 00000000
0000009d5c10  00000000 00000000 00000000 00000000
0000009d5c20  00000000 00000000 00000000 00000000
0000009d5c30  00000000 00000000 00000000 00000000
0000009d5c40  00000000 00000000 00000000 00000000
0000009d5c50  00000000 00000000 00000000 00000000
0000009d5c60  00000000 00000000 00000000 00000000
0000009d5c70  00000000 00000000 00000000 00000000
0000009d5c80  00000000 00000000 00000000 00000000
0000009d5c90  00000000 00000000 00000000 00000000
0000009d5ca0  00000000 00000000 00000000 00000000
0000009d5cb0  00000000 00000000 00000000 00000000
0000009d5cc0  00000000 00000000 00000000 00000000
0000009d5cd0  00000000 00000000 00000000 00000000
0000009d5ce0  00000000 00000000 00000000 00000000
0000009d5cf0  00000000 00000000 00000000 00000000
0000009d5d00  00000000 00000000 00000000 00000000
0000009d5d10  00000000 00000000 00000000 00000000
0000009d5d20  00000000 00000000 00000000 00000000
0000009d5d30  00000000 00000000 00000000 00000000
0000009d5d40  00000000 00000000 00000000 00000000
0000009d5d50  00000000 00000000 00000000 00000000
0000009d5d60  00000000 00000000 00000000 00000000
0000009d5d70  00000000 00000000 00000000 00000000
0000009d5d80  00000000 00000000 00000000 00000000
0000009d5d90  00000000 00000000 00000000 00000000
0000009d5da0  00000000 00000000 00000000 00000000
0000009d5db0  00000000 00000000 00000000 00000000
0000009d5dc0  00000000 00000000 00000000 00000000
0000009d5dd0  00000000 00000000 00000000 00000000
0000009d5de0  00000000 00000000 00000000 00000000
0000009d5df0  00000000 00000000 00000000 00000000
0000009d5e00  00000000 00000000 00000000 00000000
0000009d5e10  00000000 00000000 00000000 00000000
0000009d5e20  00000000 00000000 00000000 00000000
0000009d5e30  00000000 00000000 00000000 00000000
0000009d5e40  00000000 00000000 00000000 00000000
0000009d5e50  00000000 00000000 00000000 00000000
0000009d5e60  00000000 00000000 00000000 00000000
0000009d5e70  00000000 00000000 00000000 00000000
0000009d5e80  00000000 00000000 00000000 00000000
0000009d5e90  00000000 00000000 00000000 00000000
0000009d5ea0  00000000 00000000 00000000 00000000
0000009d5eb0  00000000 00000000 00000000 00000000
0000009d5ec0  00000000 00000000 00000000 00000000
0000009d5ed0  00000000 00000000 00000000 00000000
0000009d5ee0  00000000 00000000 00000000 00000000
0000009d5ef0  00000000 00000000 00000000 00000000
0000009d5f00  00000000 00000000 00000000 00000000
0000009d5f10  00000000 00000000 00000000 00000000
0000009d5f20  00000000 00000000 00000000 00000000
0000009d5f30  00000000 00000000 00000000 00000000
0000009d5f40  00000000 00000000 00000000 00000000
0000009d5f50  00000000 00000000 00000000 00000000
0000009d5f60  00000000 00000000 00000000 00000000
0000009d5f70  00000000 00000000 00000000 00000000
0000009d5f80  00000000 00000000 00000000 00000000
0000009d5f90  00000000 00000000 00000000 00000000
0000009d5fa0  00000000 00000000 00000000 00000000
0000009d5fb0  00000000 00000000 00000000 00000000
0000009d5fc0  00000000 00000000 00000000 00000000
0000009d5fd0  00000000 00000000 00000000 00000000
0000009d5fe0  00000000 00000000 00000000 00000000
0000009d5ff0  00000000 00000000 00000000 00000000
