
0000009d6000  00000000 00000000 00000000 00000000
0000009d6010  00000000 00000000 00000000 00000000
0000009d6020  00000000 00000000 00000000 00000000
0000009d6030  00000000 00000000 00000000 00000000
0000009d6040  00000000 00000000 00000000 00000000
0000009d6050  00000000 00000000 00000000 00000000
0000009d6060  00000000 00000000 00000000 00000000
0000009d6070  00000000 00000000 00000000 00000000
0000009d6080  00000000 00000000 00000000 00000000
0000009d6090  00000000 00000000 00000000 00000000
0000009d60a0  00000000 00000000 00000000 00000000
0000009d60b0  00000000 00000000 00000000 00000000
0000009d60c0  00000000 00000000 00000000 00000000
0000009d60d0  00000000 00000000 00000000 00000000
0000009d60e0  00000000 00000000 00000000 00000000
0000009d60f0  00000000 00000000 00000000 00000000
0000009d6100  00000000 00000000 00000000 00000000
0000009d6110  00000000 00000000 00000000 00000000
0000009d6120  00000000 00000000 00000000 00000000
0000009d6130  00000000 00000000 00000000 00000000
0000009d6140  00000000 00000000 00000000 00000000
0000009d6150  00000000 00000000 00000000 00000000
0000009d6160  00000000 00000000 00000000 00000000
0000009d6170  00000000 00000000 00000000 00000000
0000009d6180  00000000 00000000 00000000 00000000
0000009d6190  00000000 00000000 00000000 00000000
0000009d61a0  00000000 00000000 00000000 00000000
0000009d61b0  00000000 00000000 00000000 00000000
0000009d61c0  00000000 00000000 00000000 00000000
0000009d61d0  00000000 00000000 00000000 00000000
0000009d61e0  00000000 00000000 00000000 00000000
0000009d61f0  00000000 00000000 00000000 00000000
0000009d6200  00000000 00000000 00000000 00000000
0000009d6210  00000000 00000000 00000000 00000000
0000009d6220  00000000 00000000 00000000 00000000
0000009d6230  00000000 00000000 00000000 00000000
0000009d6240  00000000 00000000 00000000 00000000
0000009d6250  00000000 00000000 00000000 00000000
0000009d6260  00000000 00000000 00000000 00000000
0000009d6270  00000000 00000000 00000000 00000000
0000009d6280  00000000 00000000 00000000 00000000
0000009d6290  00000000 00000000 00000000 00000000
0000009d62a0  00000000 00000000 00000000 00000000
0000009d62b0  00000000 00000000 00000000 00000000
0000009d62c0  00000000 00000000 00000000 00000000
0000009d62d0  00000000 00000000 00000000 00000000
0000009d62e0  00000000 00000000 00000000 00000000
0000009d62f0  00000000 00000000 00000000 00000000
0000009d6300  00000000 00000000 00000000 00000000
0000009d6310  00000000 00000000 00000000 00000000
0000009d6320  00000000 00000000 00000000 00000000
0000009d6330  00000000 00000000 00000000 00000000
0000009d6340  00000000 00000000 00000000 00000000
0000009d6350  00000000 00000000 00000000 00000000
0000009d6360  00000000 00000000 00000000 00000000
0000009d6370  00000000 00000000 00000000 00000000
0000009d6380  00000000 00000000 00000000 00000000
0000009d6390  00000000 00000000 00000000 00000000
0000009d63a0  00000000 00000000 00000000 00000000
0000009d63b0  00000000 00000000 00000000 00000000
0000009d63c0  00000000 00000000 00000000 00000000
0000009d63d0  00000000 00000000 00000000 00000000
0000009d63e0  00000000 00000000 00000000 00000000
0000009d63f0  00000000 00000000 00000000 00000000
0000009d6400  00000000 00000000 00000000 00000000
0000009d6410  00000000 00000000 00000000 00000000
0000009d6420  00000000 00000000 00000000 00000000
0000009d6430  00000000 00000000 00000000 00000000
0000009d6440  00000000 00000000 00000000 00000000
0000009d6450  00000000 00000000 00000000 00000000
0000009d6460  00000000 00000000 00000000 00000000
0000009d6470  00000000 00000000 00000000 00000000
0000009d6480  00000000 00000000 00000000 00000000
0000009d6490  00000000 00000000 00000000 00000000
0000009d64a0  00000000 00000000 00000000 00000000
0000009d64b0  00000000 00000000 00000000 00000000
0000009d64c0  00000000 00000000 00000000 00000000
0000009d64d0  00000000 00000000 00000000 00000000
0000009d64e0  00000000 00000000 00000000 00000000
0000009d64f0  00000000 00000000 00000000 00000000
0000009d6500  00000000 00000000 00000000 00000000
0000009d6510  00000000 00000000 00000000 00000000
0000009d6520  00000000 00000000 00000000 00000000
0000009d6530  00000000 00000000 00000000 00000000
0000009d6540  00000000 00000000 00000000 00000000
0000009d6550  00000000 00000000 00000000 00000000
0000009d6560  00000000 00000000 00000000 00000000
0000009d6570  00000000 00000000 00000000 00000000
0000009d6580  00000000 00000000 00000000 00000000
0000009d6590  00000000 00000000 00000000 00000000
0000009d65a0  00000000 00000000 00000000 00000000
0000009d65b0  00000000 00000000 00000000 00000000
0000009d65c0  00000000 00000000 00000000 00000000
0000009d65d0  00000000 00000000 00000000 00000000
0000009d65e0  00000000 00000000 00000000 00000000
0000009d65f0  00000000 00000000 00000000 00000000
0000009d6600  00000000 00000000 00000000 00000000
0000009d6610  00000000 00000000 00000000 00000000
0000009d6620  00000000 00000000 00000000 00000000
0000009d6630  00000000 00000000 00000000 00000000
0000009d6640  00000000 00000000 00000000 00000000
0000009d6650  00000000 00000000 00000000 00000000
0000009d6660  00000000 00000000 00000000 00000000
0000009d6670  00000000 00000000 00000000 00000000
0000009d6680  00000000 00000000 00000000 00000000
0000009d6690  00000000 00000000 00000000 00000000
0000009d66a0  00000000 00000000 00000000 00000000
0000009d66b0  00000000 00000000 00000000 00000000
0000009d66c0  00000000 00000000 00000000 00000000
0000009d66d0  00000000 00000000 00000000 00000000
0000009d66e0  00000000 00000000 00000000 00000000
0000009d66f0  00000000 00000000 00000000 00000000
0000009d6700  00000000 00000000 00000000 00000000
0000009d6710  00000000 00000000 00000000 00000000
0000009d6720  00000000 00000000 00000000 00000000
0000009d6730  00000000 00000000 00000000 00000000
0000009d6740  00000000 00000000 00000000 00000000
0000009d6750  00000000 00000000 00000000 00000000
0000009d6760  00000000 00000000 00000000 00000000
0000009d6770  00000000 00000000 00000000 00000000
0000009d6780  00000000 00000000 00000000 00000000
0000009d6790  009d67b0 00000000 00a05180 00000000
0000009d67a0  00000000 00000000 00000021 00000000
0000009d67b0  6e69616d 72687420 00646165 00000000
0000009d67c0  00000000 00000000 00000081 00000000
0000009d67d0  004318c3 00000000 00000006 00000000
0000009d67e0  00000001 00000000 009d6850 00000000
0000009d67f0  00000000 00000000 00000000 00000000
0000009d6800  0041eb50 00000000 0041eb50 00000000
0000009d6810  0041eb50 00000000 0041eb50 00000000
0000009d6820  0041eb50 00000000 0041eb50 00000000
0000009d6830  00430f40 00000000 00000000 00000000
0000009d6840  00000000 00000000 00000021 00000000
0000009d6850  6d727265 00006773 00000000 00000000
0000009d6860  00000000 00000000 00000031 00000000
0000009d6870  706f7264 7367736d 68746977 696c616d
0000009d6880  756f6963 736e6473 72727470 726f6365
0000009d6890  00007364 00000000 00000021 00000000
0000009d68a0  00726176 00000000 00000000 00000000
0000009d68b0  00000000 00000000 00000081 00000000
0000009d68c0  00437f92 00000000 00000003 00000000
0000009d68d0  00000001 00000000 009d68a0 00000000
0000009d68e0  00424310 00000000 00424290 00000000
0000009d68f0  0041eb50 00000000 0041eb50 00000000
0000009d6900  0041eb50 00000000 00423d40 00000000
0000009d6910  0041eb50 00000000 00424220 00000000
0000009d6920  00423d50 00000000 00000000 00000000
0000009d6930  00000000 00000000 00000081 00000000
0000009d6940  004318ca 00000000 00000006 00000000
0000009d6950  00000001 00000000 009d69c0 00000000
0000009d6960  00000000 00000000 00000000 00000000
0000009d6970  0041eb50 00000000 0041eb50 00000000
0000009d6980  0041eb50 00000000 0041eb50 00000000
0000009d6990  0041eb50 00000000 0041eb50 00000000
0000009d69a0  004205a0 00000000 00000000 00000000
0000009d69b0  00000000 00000000 00000021 00000000
0000009d69c0  75646f6d 0000656c 00000000 00000000
0000009d69d0  00000000 00000000 00000021 00000000
0000009d69e0  6c626c67 00000000 00000000 00000000
0000009d69f0  00000000 00000000 00000081 00000000
0000009d6a00  004318be 00000000 00000004 00000000
0000009d6a10  00000001 00000000 009d69e0 00000000
0000009d6a20  00000000 00000000 00000000 00000000
0000009d6a30  0041eb50 00000000 0041eb50 00000000
0000009d6a40  0041eb50 00000000 0041eb50 00000000
0000009d6a50  0041eb50 00000000 0041eb50 00000000
0000009d6a60  00413880 00000000 00000000 00000000
0000009d6a70  00000000 00000000 00000051 00000000
0000009d6a80  00000000 00000000 00000001 00000000
0000009d6a90  0042b480 00000000 0042b3c0 00000000
0000009d6aa0  0042b3d0 00000000 00000000 00000000
0000009d6ab0  009d6af0 00000000 009d6af0 00000000
0000009d6ac0  00000000 00000000 00000021 00000000
0000009d6ad0  0000000b 00000000 00000000 00000000
0000009d6ae0  00645dc0 00000000 00000021 00000000
0000009d6af0  00000000 00000000 00000000 00000000
0000009d6b00  009d6ad0 00000000 00000021 00000000
0000009d6b10  6b726f77 65726964 726f7463 00000079
0000009d6b20  00000000 00000000 00000021 00000000
0000009d6b30  009d6be0 00000000 009d6b10 00000000
0000009d6b40  009d6a80 00000000 00000051 00000000
0000009d6b50  00000000 00000000 00000001 00000000
0000009d6b60  0042b480 00000000 0042b3c0 00000000
0000009d6b70  0042b3d0 00000000 00000000 00000000
0000009d6b80  009d6bc0 00000000 009d6bc0 00000000
0000009d6b90  00000000 00000000 00000021 00000000
0000009d6ba0  00000004 00000000 00000000 00000000
0000009d6bb0  00645de0 00000000 00000021 00000000
0000009d6bc0  00000000 00000000 00000000 00000000
0000009d6bd0  009d6ba0 00000000 00000021 00000000
0000009d6be0  009d6cb0 00000000 009d6870 00000000
0000009d6bf0  009d6b50 00000000 00000051 00000000
0000009d6c00  00000000 00000000 00000001 00000000
0000009d6c10  0042b480 00000000 0042b3c0 00000000
0000009d6c20  0042b3d0 00000000 00000000 00000000
0000009d6c30  009d6c70 00000000 009d6c70 00000000
0000009d6c40  00000000 00000000 00000021 00000000
0000009d6c50  0000000b 00000000 00000000 00000000
0000009d6c60  00645da0 00000000 00000021 00000000
0000009d6c70  00000000 00000000 00000000 00000000
0000009d6c80  009d6c50 00000000 00000021 00000000
0000009d6c90  61666564 6e746c75 74737465 6d616572
0000009d6ca0  76697264 00007265 00000021 00000000
0000009d6cb0  009d6d90 00000000 009d6c90 00000000
0000009d6cc0  009d6c00 00000000 00000051 00000000
0000009d6cd0  00000000 00000000 00000001 00000000
0000009d6ce0  0042b480 00000000 0042b3c0 00000000
0000009d6cf0  0042b3d0 00000000 00000000 00000000
0000009d6d00  009d6d40 00000000 009d6d40 00000000
0000009d6d10  00000000 00000000 00000021 00000000
0000009d6d20  0000000b 00000000 00000000 00000000
0000009d6d30  00645da8 00000000 00000021 00000000
0000009d6d40  00000000 00000000 00000000 00000000
0000009d6d50  009d6d20 00000000 00000031 00000000
0000009d6d60  61666564 6e746c75 74737465 6d616572
0000009d6d70  76697264 61637265 656c6966 00000000
0000009d6d80  00000000 00000000 00000021 00000000
0000009d6d90  009d6e70 00000000 009d6d60 00000000
0000009d6da0  009d6cd0 00000000 00000051 00000000
0000009d6db0  00000000 00000000 00000001 00000000
0000009d6dc0  0042b480 00000000 0042b3c0 00000000
0000009d6dd0  0042b3d0 00000000 00000000 00000000
0000009d6de0  009d6e20 00000000 009d6e20 00000000
0000009d6df0  00000000 00000000 00000021 00000000
0000009d6e00  0000000b 00000000 00000000 00000000
0000009d6e10  00645db0 00000000 00000021 00000000
0000009d6e20  00000000 00000000 00000000 00000000
0000009d6e30  009d6e00 00000000 00000031 00000000
0000009d6e40  61666564 6e746c75 74737465 6d616572
0000009d6e50  76697264 656b7265 6c696679 00000065
0000009d6e60  00000000 00000000 00000021 00000000
0000009d6e70  009d6f50 00000000 009d6e40 00000000
0000009d6e80  009d6db0 00000000 00000051 00000000
0000009d6e90  00000000 00000000 00000001 00000000
0000009d6ea0  0042b480 00000000 0042b3c0 00000000
0000009d6eb0  0042b3d0 00000000 00000000 00000000
0000009d6ec0  009d6f00 00000000 009d6f00 00000000
0000009d6ed0  00000000 00000000 00000021 00000000
0000009d6ee0  0000000b 00000000 00000000 00000000
0000009d6ef0  00645db8 00000000 00000021 00000000
0000009d6f00  00000000 00000000 00000000 00000000
0000009d6f10  009d6ee0 00000000 00000031 00000000
0000009d6f20  61666564 6e746c75 74737465 6d616572
0000009d6f30  76697264 65637265 69667472 0000656c
0000009d6f40  00000000 00000000 00000021 00000000
0000009d6f50  009d7020 00000000 009d6f20 00000000
0000009d6f60  009d6e90 00000000 00000051 00000000
0000009d6f70  00000000 00000000 00000001 00000000
0000009d6f80  0042b480 00000000 0042b3c0 00000000
0000009d6f90  0042b3d0 00000000 00000000 00000000
0000009d6fa0  009d6fe0 00000000 009d6fe0 00000000
0000009d6fb0  00000000 00000000 00000021 00000000
0000009d6fc0  00000004 00000000 00000000 00000000
0000009d6fd0  00643660 00000000 00000021 00000000
0000009d6fe0  00000000 00000000 00000000 00000000
0000009d6ff0  009d6fc0 00000000 00000021 00000000
