
7fe154798000  00000000 00000000 00000000 00000000
7fe154798010  00000000 00000000 00000000 00000000
7fe154798020  00000000 00000000 00000000 00000000
7fe154798030  00000000 00000000 00000000 00000000
7fe154798040  00000000 00000000 00000000 00000000
7fe154798050  00000000 00000000 00000000 00000000
7fe154798060  00000000 00000000 00000000 00000000
7fe154798070  00000000 00000000 00000000 00000000
7fe154798080  00000000 00000000 00000000 00000000
7fe154798090  00000000 00000000 00000000 00000000
7fe1547980a0  00000000 00000000 00000000 00000000
7fe1547980b0  00000000 00000000 00000000 00000000
7fe1547980c0  00000000 00000000 00000000 00000000
7fe1547980d0  00000000 00000000 00000000 00000000
7fe1547980e0  00000000 00000000 00000000 00000000
7fe1547980f0  00000000 00000000 00000000 00000000
7fe154798100  00000000 00000000 00000000 00000000
7fe154798110  00000000 00000000 00000000 00000000
7fe154798120  00000000 00000000 00000000 00000000
7fe154798130  00000000 00000000 00000000 00000000
7fe154798140  00000000 00000000 00000000 00000000
7fe154798150  00000000 00000000 00000000 00000000
7fe154798160  00000000 00000000 00000000 00000000
7fe154798170  00000000 00000000 00000000 00000000
7fe154798180  00000000 00000000 00000000 00000000
7fe154798190  00000000 00000000 00000000 00000000
7fe1547981a0  00000000 00000000 00000000 00000000
7fe1547981b0  00000000 00000000 00000000 00000000
7fe1547981c0  00000000 00000000 00000000 00000000
7fe1547981d0  00000000 00000000 00000000 00000000
7fe1547981e0  00000000 00000000 00000000 00000000
7fe1547981f0  00000000 00000000 00000000 00000000
7fe154798200  00000000 00000000 00000000 00000000
7fe154798210  00000000 00000000 00000000 00000000
7fe154798220  00000000 00000000 00000000 00000000
7fe154798230  00000000 00000000 00000000 00000000
7fe154798240  00000000 00000000 00000000 00000000
7fe154798250  00000000 00000000 00000000 00000000
7fe154798260  00000000 00000000 00000000 00000000
7fe154798270  00000000 00000000 00000000 00000000
7fe154798280  00000000 00000000 00000000 00000000
7fe154798290  00000000 00000000 00000000 00000000
7fe1547982a0  00000000 00000000 00000000 00000000
7fe1547982b0  00000000 00000000 00000000 00000000
7fe1547982c0  00000000 00000000 00000000 00000000
7fe1547982d0  00000000 00000000 00000000 00000000
7fe1547982e0  00000000 00000000 00000000 00000000
7fe1547982f0  00000000 00000000 00000000 00000000
7fe154798300  00000000 00000000 00000000 00000000
7fe154798310  00000000 00000000 00000000 00000000
7fe154798320  00000000 00000000 00000000 00000000
7fe154798330  00000000 00000000 00000000 00000000
7fe154798340  00000000 00000000 00000000 00000000
7fe154798350  00000000 00000000 00000000 00000000
7fe154798360  00000000 00000000 00000000 00000000
7fe154798370  00000000 00000000 00000000 00000000
7fe154798380  00000000 00000000 00000000 00000000
7fe154798390  00000000 00000000 00000000 00000000
7fe1547983a0  00000000 00000000 00000000 00000000
7fe1547983b0  00000000 00000000 00000000 00000000
7fe1547983c0  00000000 00000000 00000000 00000000
7fe1547983d0  00000000 00000000 00000000 00000000
7fe1547983e0  00000000 00000000 00000000 00000000
7fe1547983f0  00000000 00000000 00000000 00000000
7fe154798400  00000000 00000000 00000000 00000000
7fe154798410  00000000 00000000 00000000 00000000
7fe154798420  00000000 00000000 00000000 00000000
7fe154798430  00000000 00000000 00000000 00000000
7fe154798440  00000000 00000000 00000000 00000000
7fe154798450  00000000 00000000 00000000 00000000
7fe154798460  00000000 00000000 00000000 00000000
7fe154798470  00000000 00000000 00000000 00000000
7fe154798480  00000000 00000000 00000000 00000000
7fe154798490  00000000 00000000 00000000 00000000
7fe1547984a0  00000000 00000000 00000000 00000000
7fe1547984b0  00000000 00000000 00000000 00000000
7fe1547984c0  00000000 00000000 00000000 00000000
7fe1547984d0  00000000 00000000 00000000 00000000
7fe1547984e0  00000000 00000000 00000000 00000000
7fe1547984f0  00000000 00000000 00000000 00000000
7fe154798500  00000000 00000000 00000000 00000000
7fe154798510  00000000 00000000 00000000 00000000
7fe154798520  00000000 00000000 00000000 00000000
7fe154798530  00000000 00000000 00000000 00000000
7fe154798540  00000000 00000000 00000000 00000000
7fe154798550  00000000 00000000 00000000 00000000
7fe154798560  00000000 00000000 00000000 00000000
7fe154798570  00000000 00000000 00000000 00000000
7fe154798580  00000000 00000000 00000000 00000000
7fe154798590  00000000 00000000 00000000 00000000
7fe1547985a0  00000000 00000000 00000000 00000000
7fe1547985b0  00000000 00000000 00000000 00000000
7fe1547985c0  00000000 00000000 00000000 00000000
7fe1547985d0  00000000 00000000 00000000 00000000
7fe1547985e0  00000000 00000000 00000000 00000000
7fe1547985f0  00000000 00000000 00000000 00000000
7fe154798600  00000000 00000000 00000000 00000000
7fe154798610  00000000 00000000 00000000 00000000
7fe154798620  00000000 00000000 00000000 00000000
7fe154798630  00000000 00000000 00000000 00000000
7fe154798640  00000000 00000000 00000000 00000000
7fe154798650  00000000 00000000 00000000 00000000
7fe154798660  00000000 00000000 00000000 00000000
7fe154798670  00000000 00000000 00000000 00000000
7fe154798680  00000000 00000000 00000000 00000000
7fe154798690  00000000 00000000 00000000 00000000
7fe1547986a0  00000000 00000000 00000000 00000000
7fe1547986b0  00000000 00000000 00000000 00000000
7fe1547986c0  00000000 00000000 00000000 00000000
7fe1547986d0  00000000 00000000 00000000 00000000
7fe1547986e0  00000000 00000000 00000000 00000000
7fe1547986f0  00000000 00000000 00000000 00000000
7fe154798700  00000000 00000000 00000000 00000000
7fe154798710  00000000 00000000 00000000 00000000
7fe154798720  00000000 00000000 00000000 00000000
7fe154798730  00000000 00000000 00000000 00000000
7fe154798740  00000000 00000000 00000000 00000000
7fe154798750  00000000 00000000 00000000 00000000
7fe154798760  00000000 00000000 00000000 00000000
7fe154798770  00000000 00000000 00000000 00000000
7fe154798780  00000000 00000000 00000000 00000000
7fe154798790  00000000 00000000 00000000 00000000
7fe1547987a0  00000000 00000000 00000000 00000000
7fe1547987b0  00000000 00000000 00000000 00000000
7fe1547987c0  00000000 00000000 00000000 00000000
7fe1547987d0  00000000 00000000 00000000 00000000
7fe1547987e0  00000000 00000000 00000000 00000000
7fe1547987f0  00000000 00000000 00000000 00000000
7fe154798800  00000000 00000000 00000000 00000000
7fe154798810  00000000 00000000 00000000 00000000
7fe154798820  00000000 00000000 00000000 00000000
7fe154798830  00000000 00000000 00000000 00000000
7fe154798840  00000000 00000000 00000000 00000000
7fe154798850  00000000 00000000 00000000 00000000
7fe154798860  00000000 00000000 00000000 00000000
7fe154798870  00000000 00000000 00000000 00000000
7fe154798880  00000000 00000000 00000000 00000000
7fe154798890  00000000 00000000 00000000 00000000
7fe1547988a0  00000000 00000000 00000000 00000000
7fe1547988b0  00000000 00000000 00000000 00000000
7fe1547988c0  00000000 00000000 00000000 00000000
7fe1547988d0  00000000 00000000 00000000 00000000
7fe1547988e0  00000000 00000000 00000000 00000000
7fe1547988f0  00000000 00000000 00000000 00000000
7fe154798900  00000000 00000000 00000000 00000000
7fe154798910  00000000 00000000 00000000 00000000
7fe154798920  00000000 00000000 00000000 00000000
7fe154798930  00000000 00000000 00000000 00000000
7fe154798940  00000000 00000000 00000000 00000000
7fe154798950  00000000 00000000 00000000 00000000
7fe154798960  00000000 00000000 00000000 00000000
7fe154798970  00000000 00000000 00000000 00000000
7fe154798980  00000000 00000000 00000000 00000000
7fe154798990  00000000 00000000 00000000 00000000
7fe1547989a0  00000000 00000000 00000000 00000000
7fe1547989b0  00000000 00000000 00000000 00000000
7fe1547989c0  00000000 00000000 00000000 00000000
7fe1547989d0  00000000 00000000 00000000 00000000
7fe1547989e0  00000000 00000000 00000000 00000000
7fe1547989f0  00000000 00000000 00000000 00000000
7fe154798a00  00000000 00000000 00000000 00000000
7fe154798a10  00000000 00000000 00000000 00000000
7fe154798a20  00000000 00000000 00000000 00000000
7fe154798a30  00000000 00000000 00000000 00000000
7fe154798a40  00000000 00000000 00000000 00000000
7fe154798a50  00000000 00000000 00000000 00000000
7fe154798a60  00000000 00000000 00000000 00000000
7fe154798a70  00000000 00000000 00000000 00000000
7fe154798a80  00000000 00000000 00000000 00000000
7fe154798a90  00000000 00000000 00000000 00000000
7fe154798aa0  00000000 00000000 00000000 00000000
7fe154798ab0  00000000 00000000 00000000 00000000
7fe154798ac0  00000000 00000000 00000000 00000000
7fe154798ad0  00000000 00000000 00000000 00000000
7fe154798ae0  00000000 00000000 00000000 00000000
7fe154798af0  00000000 00000000 00000000 00000000
7fe154798b00  00000000 00000000 00000000 00000000
7fe154798b10  00000000 00000000 00000000 00000000
7fe154798b20  00000000 00000000 00000000 00000000
7fe154798b30  00000000 00000000 00000000 00000000
7fe154798b40  00000000 00000000 00000000 00000000
7fe154798b50  00000000 00000000 00000000 00000000
7fe154798b60  00000000 00000000 00000000 00000000
7fe154798b70  00000000 00000000 00000000 00000000
7fe154798b80  00000000 00000000 00000000 00000000
7fe154798b90  00000000 00000000 00000000 00000000
7fe154798ba0  00000000 00000000 00000000 00000000
7fe154798bb0  00000000 00000000 00000000 00000000
7fe154798bc0  00000000 00000000 00000000 00000000
7fe154798bd0  00000000 00000000 00000000 00000000
7fe154798be0  00000000 00000000 00000000 00000000
7fe154798bf0  00000000 00000000 00000000 00000000
7fe154798c00  00000000 00000000 00000000 00000000
7fe154798c10  00000000 00000000 00000000 00000000
7fe154798c20  00000000 00000000 00000000 00000000
7fe154798c30  00000000 00000000 00000000 00000000
7fe154798c40  00000000 00000000 00000000 00000000
7fe154798c50  00000000 00000000 00000000 00000000
7fe154798c60  00000000 00000000 00000000 00000000
7fe154798c70  00000000 00000000 00000000 00000000
7fe154798c80  00000000 00000000 00000000 00000000
7fe154798c90  00000000 00000000 00000000 00000000
7fe154798ca0  00000000 00000000 00000000 00000000
7fe154798cb0  00000000 00000000 00000000 00000000
7fe154798cc0  00000000 00000000 00000000 00000000
7fe154798cd0  00000000 00000000 00000000 00000000
7fe154798ce0  00000000 00000000 00000000 00000000
7fe154798cf0  00000000 00000000 00000000 00000000
7fe154798d00  00000000 00000000 00000000 00000000
7fe154798d10  00000000 00000000 00000000 00000000
7fe154798d20  00000000 00000000 00000000 00000000
7fe154798d30  00000000 00000000 00000000 00000000
7fe154798d40  00000000 00000000 00000000 00000000
7fe154798d50  00000000 00000000 00000000 00000000
7fe154798d60  00000000 00000000 00000000 00000000
7fe154798d70  00000000 00000000 00000000 00000000
7fe154798d80  00000000 00000000 00000000 00000000
7fe154798d90  00000000 00000000 00000000 00000000
7fe154798da0  00000000 00000000 00000000 00000000
7fe154798db0  00000000 00000000 00000000 00000000
7fe154798dc0  00000000 00000000 00000000 00000000
7fe154798dd0  00000000 00000000 00000000 00000000
7fe154798de0  00000000 00000000 00000000 00000000
7fe154798df0  00000000 00000000 00000000 00000000
7fe154798e00  00000000 00000000 00000000 00000000
7fe154798e10  00000000 00000000 00000000 00000000
7fe154798e20  00000000 00000000 00000000 00000000
7fe154798e30  00000000 00000000 00000000 00000000
7fe154798e40  00000000 00000000 00000000 00000000
7fe154798e50  00000000 00000000 00000000 00000000
7fe154798e60  00000000 00000000 00000000 00000000
7fe154798e70  00000000 00000000 00000000 00000000
7fe154798e80  00000000 00000000 00000000 00000000
7fe154798e90  00000000 00000000 00000000 00000000
7fe154798ea0  00000000 00000000 00000000 00000000
7fe154798eb0  00000000 00000000 00000000 00000000
7fe154798ec0  00000000 00000000 00000000 00000000
7fe154798ed0  00000000 00000000 00000000 00000000
7fe154798ee0  00000000 00000000 00000000 00000000
7fe154798ef0  00000000 00000000 00000000 00000000
7fe154798f00  00000000 00000000 00000000 00000000
7fe154798f10  00000000 00000000 00000000 00000000
7fe154798f20  00000000 00000000 00000000 00000000
7fe154798f30  00000000 00000000 00000000 00000000
7fe154798f40  00000000 00000000 00000000 00000000
7fe154798f50  00000000 00000000 00000000 00000000
7fe154798f60  00000000 00000000 00000000 00000000
7fe154798f70  00000000 00000000 00000000 00000000
7fe154798f80  00000000 00000000 00000000 00000000
7fe154798f90  00000000 00000000 00000000 00000000
7fe154798fa0  00000000 00000000 00000000 00000000
7fe154798fb0  00000000 00000000 00000000 00000000
7fe154798fc0  00000000 00000000 00017041 00000000
7fe154798fd0  00000000 00000000 00000000 00000000
7fe154798fe0  00000000 00000000 00000000 00000000
7fe154798ff0  00000000 00000000 00000000 00000000
