
7fe154799000  00000000 00000000 00000000 00000000
7fe154799010  00000000 00000000 00000000 00000000
7fe154799020  00000000 00000000 00000000 00000000
7fe154799030  00000000 00000000 52f9d860 00007fe1
7fe154799040  ffffffff 00000000 00000000 00000000
7fe154799050  00000000 00000000 547990b0 00007fe1
7fe154799060  ffffffff ffffffff 00000000 00000000
7fe154799070  547990c0 00007fe1 00000000 00000000
7fe154799080  00000000 00000000 00000000 00000000
7fe154799090  ffffffff 00000000 00000000 00000000
7fe1547990a0  00000000 00000000 52f9c500 00007fe1
7fe1547990b0  00000000 00000000 00000000 00000000
7fe1547990c0  00000000 00000000 00000000 00000000
7fe1547990d0  00000000 00000000 00000000 00000000
7fe1547990e0  00000000 00000000 00000000 00000000
7fe1547990f0  00000000 00000000 00000000 00000000
7fe154799100  00000000 00000000 00000000 00000000
7fe154799110  00000000 00000000 00000000 00000000
7fe154799120  00000000 00000000 00000000 00000000
7fe154799130  00000000 00000000 00000000 00000000
7fe154799140  00000000 00000000 00000000 00000000
7fe154799150  00000000 00000000 00000000 00000000
7fe154799160  00000000 00000000 00000000 00000000
7fe154799170  00000000 00000000 00000000 00000000
7fe154799180  00000000 00000000 00000000 00000000
7fe154799190  00000000 00000000 00000000 00000000
7fe1547991a0  00000000 00000000 00000000 00000000
7fe1547991b0  00000000 00000000 00000000 00000000
7fe1547991c0  00000000 00000000 00000000 00000000
7fe1547991d0  00000000 00000000 00000000 00000000
7fe1547991e0  00000000 00000000 00000000 00000000
7fe1547991f0  00000000 00000000 00000000 00000000
7fe154799200  52f9c200 00007fe1 00016e01 00000000
7fe154799210  00000000 00000000 00000000 00000000
7fe154799220  00000000 00000000 00000000 00000000
7fe154799230  00000000 00000000 00000000 00000000
7fe154799240  00000000 00000000 00000000 00000000
7fe154799250  00000000 00000000 00000000 00000000
7fe154799260  00000000 00000000 00000000 00000000
7fe154799270  00000000 00000000 00000000 00000000
7fe154799280  00000000 00000000 00000000 00000000
7fe154799290  00000000 00000000 00000000 00000000
7fe1547992a0  00000000 00000000 00000000 00000000
7fe1547992b0  00000000 00000000 00000000 00000000
7fe1547992c0  00000000 00000000 00000000 00000000
7fe1547992d0  00000000 00000000 00000000 00000000
7fe1547992e0  00000000 00000000 00000000 00000000
7fe1547992f0  00000000 00000000 00000000 00000000
7fe154799300  00000000 00000000 00000000 00000000
7fe154799310  00000000 00000000 00000000 00000000
7fe154799320  00000000 00000000 00000000 00000000
7fe154799330  00000000 00000000 00000000 00000000
7fe154799340  00000000 00000000 00000000 00000000
7fe154799350  00000000 00000000 00000000 00000000
7fe154799360  00000000 00000000 00000000 00000000
7fe154799370  00000000 00000000 00000000 00000000
7fe154799380  00000000 00000000 00000000 00000000
7fe154799390  00000000 00000000 00000000 00000000
7fe1547993a0  00000000 00000000 00000000 00000000
7fe1547993b0  00000000 00000000 00000000 00000000
7fe1547993c0  00000000 00000000 00000000 00000000
7fe1547993d0  00000000 00000000 00000000 00000000
7fe1547993e0  00000000 00000000 00000000 00000000
7fe1547993f0  00000000 00000000 00000000 00000000
7fe154799400  00000000 00000000 00000000 00000000
7fe154799410  00000000 00000000 00000000 00000000
7fe154799420  00000000 00000000 00000000 00000000
7fe154799430  00000000 00000000 00000000 00000000
7fe154799440  00000000 00000000 00000000 00000000
7fe154799450  00000000 00000000 00000000 00000000
7fe154799460  00000000 00000000 00000000 00000000
7fe154799470  00000000 00000000 00000000 00000000
7fe154799480  00000000 00000000 00000000 00000000
7fe154799490  00000000 00000000 00000000 00000000
7fe1547994a0  00000000 00000000 00000000 00000000
7fe1547994b0  00000000 00000000 00000000 00000000
7fe1547994c0  00000000 00000000 00000000 00000000
7fe1547994d0  00000000 00000000 00000000 00000000
7fe1547994e0  00000000 00000000 00000000 00000000
7fe1547994f0  00000000 00000000 00000000 00000000
7fe154799500  00000000 00000000 00000000 00000000
7fe154799510  00000000 00000000 00000000 00000000
7fe154799520  00000000 00000000 00000000 00000000
7fe154799530  00000000 00000000 00000000 00000000
7fe154799540  00000000 00000000 00000000 00000000
7fe154799550  00000000 00000000 00000000 00000000
7fe154799560  00000000 00000000 00000000 00000000
7fe154799570  00000000 00000000 00000000 00000000
7fe154799580  00000000 00000000 00000000 00000000
7fe154799590  00000000 00000000 00000000 00000000
7fe1547995a0  00000000 00000000 00000000 00000000
7fe1547995b0  00000000 00000000 00000000 00000000
7fe1547995c0  00000000 00000000 00000000 00000000
7fe1547995d0  00000000 00000000 00000000 00000000
7fe1547995e0  00000000 00000000 00000000 00000000
7fe1547995f0  00000000 00000000 00000000 00000000
7fe154799600  00000000 00000000 00000000 00000000
7fe154799610  00000000 00000000 00000000 00000000
7fe154799620  00000000 00000000 00000000 00000000
7fe154799630  00000000 00000000 00000000 00000000
7fe154799640  00000000 00000000 00000000 00000000
7fe154799650  00000000 00000000 00000000 00000000
7fe154799660  00000000 00000000 00000000 00000000
7fe154799670  00000000 00000000 00000000 00000000
7fe154799680  00000000 00000000 00000000 00000000
7fe154799690  00000000 00000000 00000000 00000000
7fe1547996a0  00000000 00000000 00000000 00000000
7fe1547996b0  00000000 00000000 00000000 00000000
7fe1547996c0  00000000 00000000 00000000 00000000
7fe1547996d0  00000000 00000000 00000000 00000000
7fe1547996e0  00000000 00000000 00000000 00000000
7fe1547996f0  00000000 00000000 00000000 00000000
7fe154799700  00000000 00000000 00000000 00000000
7fe154799710  00000000 00000000 00000000 00000000
7fe154799720  00000000 00000000 00000000 00000000
7fe154799730  00000000 00000000 00000000 00000000
7fe154799740  00000000 00000000 00000000 00000000
7fe154799750  00000000 00000000 00000000 00000000
7fe154799760  00000000 00000000 00000000 00000000
7fe154799770  00000000 00000000 00000000 00000000
7fe154799780  00000000 00000000 00000000 00000000
7fe154799790  00000000 00000000 00000000 00000000
7fe1547997a0  00000000 00000000 00000000 00000000
7fe1547997b0  00000000 00000000 00000000 00000000
7fe1547997c0  00000000 00000000 00000000 00000000
7fe1547997d0  00000000 00000000 00000000 00000000
7fe1547997e0  00000000 00000000 00000000 00000000
7fe1547997f0  00000000 00000000 00000000 00000000
7fe154799800  00000000 00000000 00000000 00000000
7fe154799810  00000000 00000000 00000000 00000000
7fe154799820  00000000 00000000 00000000 00000000
7fe154799830  00000000 00000000 00000000 00000000
7fe154799840  00000000 00000000 00000000 00000000
7fe154799850  00000000 00000000 00000000 00000000
7fe154799860  00000000 00000000 00000000 00000000
7fe154799870  00000000 00000000 00000000 00000000
7fe154799880  00000000 00000000 00000000 00000000
7fe154799890  00000000 00000000 00000000 00000000
7fe1547998a0  00000000 00000000 00000000 00000000
7fe1547998b0  00000000 00000000 00000000 00000000
7fe1547998c0  00000000 00000000 00000000 00000000
7fe1547998d0  00000000 00000000 00000000 00000000
7fe1547998e0  00000000 00000000 00000000 00000000
7fe1547998f0  00000000 00000000 00000000 00000000
7fe154799900  00000000 00000000 00000000 00000000
7fe154799910  00000000 00000000 00000000 00000000
7fe154799920  00000000 00000000 00000000 00000000
7fe154799930  00000000 00000000 00000000 00000000
7fe154799940  00000000 00000000 00000000 00000000
7fe154799950  00000000 00000000 00000000 00000000
7fe154799960  00000000 00000000 00000000 00000000
7fe154799970  00000000 00000000 00000000 00000000
7fe154799980  00000000 00000000 00000000 00000000
7fe154799990  00000000 00000000 00000000 00000000
7fe1547999a0  00000000 00000000 00000000 00000000
7fe1547999b0  00000000 00000000 00000000 00000000
7fe1547999c0  00000000 00000000 00000000 00000000
7fe1547999d0  00000000 00000000 00000000 00000000
7fe1547999e0  00000000 00000000 00000000 00000000
7fe1547999f0  00000000 00000000 00000000 00000000
7fe154799a00  00000000 00000000 00000000 00000000
7fe154799a10  00000000 00000000 00000000 00000000
7fe154799a20  00000000 00000000 00000000 00000000
7fe154799a30  00000000 00000000 00000000 00000000
7fe154799a40  00000000 00000000 00000000 00000000
7fe154799a50  00000000 00000000 00000000 00000000
7fe154799a60  00000000 00000000 00000000 00000000
7fe154799a70  00000000 00000000 00000000 00000000
7fe154799a80  00000000 00000000 00000000 00000000
7fe154799a90  00000000 00000000 00000000 00000000
7fe154799aa0  00000000 00000000 00000000 00000000
7fe154799ab0  00000000 00000000 00000000 00000000
7fe154799ac0  00000000 00000000 00000000 00000000
7fe154799ad0  00000000 00000000 00000000 00000000
7fe154799ae0  00000000 00000000 00000000 00000000
7fe154799af0  00000000 00000000 00000000 00000000
7fe154799b00  00000000 00000000 00000000 00000000
7fe154799b10  00000000 00000000 00000000 00000000
7fe154799b20  00000000 00000000 00000000 00000000
7fe154799b30  00000000 00000000 00000000 00000000
7fe154799b40  00000000 00000000 00000000 00000000
7fe154799b50  00000000 00000000 00000000 00000000
7fe154799b60  00000000 00000000 00000000 00000000
7fe154799b70  00000000 00000000 00000000 00000000
7fe154799b80  00000000 00000000 00000000 00000000
7fe154799b90  00000000 00000000 00000000 00000000
7fe154799ba0  00000000 00000000 00000000 00000000
7fe154799bb0  00000000 00000000 00000000 00000000
7fe154799bc0  00000000 00000000 00000000 00000000
7fe154799bd0  00000000 00000000 00000000 00000000
7fe154799be0  00000000 00000000 00000000 00000000
7fe154799bf0  00000000 00000000 00000000 00000000
7fe154799c00  00000000 00000000 00000000 00000000
7fe154799c10  00000000 00000000 00000000 00000000
7fe154799c20  00000000 00000000 00000000 00000000
7fe154799c30  00000000 00000000 00000000 00000000
7fe154799c40  00000000 00000000 00000000 00000000
7fe154799c50  00000000 00000000 00000000 00000000
7fe154799c60  00000000 00000000 00000000 00000000
7fe154799c70  00000000 00000000 00000000 00000000
7fe154799c80  00000000 00000000 00000000 00000000
7fe154799c90  00000000 00000000 00000000 00000000
7fe154799ca0  00000000 00000000 00000000 00000000
7fe154799cb0  00000000 00000000 00000000 00000000
7fe154799cc0  00000000 00000000 00000000 00000000
7fe154799cd0  00000000 00000000 00000000 00000000
7fe154799ce0  00000000 00000000 00000000 00000000
7fe154799cf0  00000000 00000000 00000000 00000000
7fe154799d00  00000000 00000000 00000000 00000000
7fe154799d10  00000000 00000000 00000000 00000000
7fe154799d20  00000000 00000000 00000000 00000000
7fe154799d30  00000000 00000000 00000000 00000000
7fe154799d40  00000000 00000000 00000000 00000000
7fe154799d50  00000000 00000000 00000000 00000000
7fe154799d60  00000000 00000000 00000000 00000000
7fe154799d70  00000000 00000000 00000000 00000000
7fe154799d80  00000000 00000000 00000000 00000000
7fe154799d90  00000000 00000000 00000000 00000000
7fe154799da0  00000000 00000000 00000000 00000000
7fe154799db0  00000000 00000000 00000000 00000000
7fe154799dc0  00000000 00000000 00000000 00000000
7fe154799dd0  00000000 00000000 00000000 00000000
7fe154799de0  00000000 00000000 00000000 00000000
7fe154799df0  00000000 00000000 00000000 00000000
7fe154799e00  00000000 00000000 00000000 00000000
7fe154799e10  00000000 00000000 00000000 00000000
7fe154799e20  00000000 00000000 00000000 00000000
7fe154799e30  00000000 00000000 00000000 00000000
7fe154799e40  00000000 00000000 00000000 00000000
7fe154799e50  00000000 00000000 00000000 00000000
7fe154799e60  00000000 00000000 00000000 00000000
7fe154799e70  00000000 00000000 00000000 00000000
7fe154799e80  00000000 00000000 00000000 00000000
7fe154799e90  00000000 00000000 00000000 00000000
7fe154799ea0  00000000 00000000 00000000 00000000
7fe154799eb0  00000000 00000000 00000000 00000000
7fe154799ec0  00000000 00000000 00000000 00000000
7fe154799ed0  00000000 00000000 00000000 00000000
7fe154799ee0  00000000 00000000 00000000 00000000
7fe154799ef0  00000000 00000000 00000000 00000000
7fe154799f00  00000000 00000000 00000000 00000000
7fe154799f10  00000000 00000000 00000000 00000000
7fe154799f20  00000000 00000000 00000000 00000000
7fe154799f30  00000000 00000000 00000000 00000000
7fe154799f40  00000000 00000000 00000000 00000000
7fe154799f50  00000000 00000000 00000000 00000000
7fe154799f60  00000000 00000000 00000000 00000000
7fe154799f70  00000000 00000000 00000000 00000000
7fe154799f80  00000000 00000000 00000000 00000000
7fe154799f90  00000000 00000000 00000000 00000000
7fe154799fa0  00000000 00000000 00000000 00000000
7fe154799fb0  00000000 00000000 00000000 00000000
7fe154799fc0  00000000 00000000 00016041 00000000
7fe154799fd0  00000000 00000000 00000000 00000000
7fe154799fe0  00000000 00000000 00000000 00000000
7fe154799ff0  00000000 00000000 00000000 00000000
