
0000009e1000  00000000 00000000 00000021 00000000
0000009e1010  75727473 72757463 642d6465 00617461
0000009e1020  00000000 00000000 00000021 00000000
0000009e1030  00000020 00000000 00000000 00000000
0000009e1040  00000000 00000000 00000091 00000000
0000009e1050  009e10e0 00000000 00000002 00000000
0000009e1060  009e1170 00000000 00000000 00000000
0000009e1070  00000000 00000000 00000000 00000000
0000009e1080  00000000 00000000 00000000 00000000
0000009e1090  00000000 00000000 00000000 00000000
0000009e10a0  00000000 00000000 00000000 00000000
0000009e10b0  00000000 00000000 00000000 00000000
0000009e10c0  00000000 00000000 00000000 00000000
0000009e10d0  00000000 00000000 00000091 00000000
0000009e10e0  00000000 00000000 00000001 00000000
0000009e10f0  009e1190 00000000 00000001 00000000
0000009e1100  00000000 00000000 00000000 00000000
0000009e1110  00000000 00000000 00000000 00000000
0000009e1120  00000000 00000000 00000000 00000000
0000009e1130  00000000 00000000 00000000 00000000
0000009e1140  00000000 00000000 00000000 00000000
0000009e1150  00000000 00000000 00000000 00000000
0000009e1160  00000000 00000000 00000021 00000000
0000009e1170  0067736d 00000000 00000000 00000000
0000009e1180  00000000 00000000 00000021 00000000
0000009e1190  0000000a 00000000 00000000 00000000
0000009e11a0  00000000 00000000 00000041 00000000
0000009e11b0  009e1790 00000000 009e11f0 00000000
0000009e11c0  00000012 00000008 009e1210 00000000
0000009e11d0  009e16c0 00000000 00000000 00000000
0000009e11e0  00000000 00000000 00000021 00000000
0000009e11f0  53595352 5f474f4c 656c6946 6d726f46
0000009e1200  00007461 00000000 00000091 00000000
0000009e1210  009e12a0 00000000 00000002 00000000
0000009e1220  009e1330 00000000 00000000 00000000
0000009e1230  00000000 00000000 00000000 00000000
0000009e1240  00000000 00000000 00000000 00000000
0000009e1250  00000000 00000000 00000000 00000000
0000009e1260  00000000 00000000 00000000 00000000
0000009e1270  00000000 00000000 00000000 00000000
0000009e1280  00000000 00000000 00000000 00000003
0000009e1290  00000000 00000000 00000091 00000000
0000009e12a0  009e1370 00000000 00000001 00000000
0000009e12b0  009e1350 00000000 00000001 00000000
0000009e12c0  00000000 00000000 00000000 00000000
0000009e12d0  00000000 00000000 00000000 00000000
0000009e12e0  00000000 00000000 00000000 00000000
0000009e12f0  00000000 00000000 00000000 00000000
0000009e1300  00000000 00000000 00000000 00000000
0000009e1310  00000000 00000000 00000000 00000000
0000009e1320  00000000 00000000 00000021 00000000
0000009e1330  656d6974 6d617473 00000070 00000000
0000009e1340  00000000 00000000 00000021 00000000
0000009e1350  00000020 00000000 00000000 00000000
0000009e1360  00000000 00000000 00000091 00000000
0000009e1370  009e1400 00000000 00000002 00000000
0000009e1380  009e1490 00000000 00000000 00000000
0000009e1390  00000000 00000000 00000000 00000000
0000009e13a0  00000000 00000000 00000000 00000000
0000009e13b0  00000000 00000000 00000000 00000000
0000009e13c0  00000000 00000000 00000000 00000000
0000009e13d0  00000000 00000000 00000000 00000000
0000009e13e0  00000000 00000000 00000000 00000000
0000009e13f0  00000000 00000000 00000091 00000000
0000009e1400  009e14d0 00000000 00000001 00000000
0000009e1410  009e14b0 00000000 00000001 00000000
0000009e1420  00000000 00000000 00000000 00000000
0000009e1430  00000000 00000000 00000000 00000000
0000009e1440  00000000 00000000 00000000 00000000
0000009e1450  00000000 00000000 00000000 00000000
0000009e1460  00000000 00000000 00000000 00000000
0000009e1470  00000000 00000000 00000000 00000000
0000009e1480  00000000 00000000 00000021 00000000
0000009e1490  74736f68 656d616e 00000000 00000000
0000009e14a0  00000000 00000000 00000021 00000000
0000009e14b0  00000020 00000000 00000000 00000000
0000009e14c0  00000000 00000000 00000091 00000000
0000009e14d0  009e1560 00000000 00000002 00000000
0000009e14e0  009e15f0 00000000 00000000 00000000
0000009e14f0  00000000 00000000 00000000 00000000
0000009e1500  00000000 00000000 00000000 00000000
0000009e1510  00000000 00000000 00000000 00000000
0000009e1520  00000000 00000000 00000000 00000000
0000009e1530  00000000 00000000 00000000 00000000
0000009e1540  00000000 00000000 00000000 00000000
0000009e1550  00000000 00000000 00000091 00000000
0000009e1560  009e1610 00000000 00000002 00000000
0000009e1570  009e16a0 00000000 00000000 00000000
0000009e1580  00000000 00000000 00000000 00000000
0000009e1590  00000000 00000000 00000000 00000000
0000009e15a0  00000000 00000000 00000000 00000000
0000009e15b0  00000000 00000000 00000000 00000000
0000009e15c0  00000000 00000000 00000000 00000000
0000009e15d0  00000000 00000000 00000000 00000000
0000009e15e0  00000000 00000040 00000021 00000000
0000009e15f0  6c737973 6174676f 00000067 00000000
0000009e1600  00000000 00000000 00000091 00000000
0000009e1610  009e16c0 00000000 00000002 00000000
0000009e1620  009e1750 00000000 00000000 00000000
0000009e1630  00000000 00000000 00000000 00000000
0000009e1640  00000000 00000000 00000000 00000000
0000009e1650  00000000 00000000 00000000 00000000
0000009e1660  00000000 00000000 00000000 00000000
0000009e1670  00000000 00000000 00000000 00000000
0000009e1680  00000000 00000000 00000000 00000000
0000009e1690  00000000 00000008 00000021 00000000
0000009e16a0  0067736d 00000000 00000000 00000000
0000009e16b0  00000000 00000000 00000091 00000000
0000009e16c0  00000000 00000000 00000001 00000000
0000009e16d0  009e1770 00000000 00000001 00000000
0000009e16e0  00000000 00000000 00000000 00000000
0000009e16f0  00000000 00000000 00000000 00000000
0000009e1700  00000000 00000000 00000000 00000000
0000009e1710  00000000 00000000 00000000 00000000
0000009e1720  00000000 00000000 00000000 00000000
0000009e1730  00000000 00000000 00000000 00000000
0000009e1740  00000000 00000000 00000021 00000000
0000009e1750  0067736d 00000000 00000000 00000000
0000009e1760  00000000 00000000 00000021 00000000
0000009e1770  0000000a 00000000 00000000 00000000
0000009e1780  00000000 00000000 00000041 00000000
0000009e1790  009e1d80 00000000 009df0e0 00000000
0000009e17a0  0000001d 00000008 009e17d0 00000000
0000009e17b0  009e1cb0 00000000 00000000 00000000
0000009e17c0  00000000 00000000 00000091 00000000
0000009e17d0  009e1860 00000000 00000002 00000000
0000009e17e0  009e18f0 00000000 00000000 00000000
0000009e17f0  00000000 00000000 00000000 00000000
0000009e1800  00000000 00000000 00000000 00000000
0000009e1810  00000000 00000000 00000000 00000000
0000009e1820  00000000 00000000 00000000 00000000
0000009e1830  00000000 00000000 00000000 00000000
0000009e1840  00000000 00000000 00000000 00000000
0000009e1850  00000000 00000000 00000091 00000000
0000009e1860  009e1960 00000000 00000001 00000000
0000009e1870  009e1940 00000000 00000001 00000000
0000009e1880  00000000 00000000 00000000 00000000
0000009e1890  00000000 00000000 00000000 00000000
0000009e18a0  00000000 00000000 00000000 00000000
0000009e18b0  00000000 00000000 00000000 00000000
0000009e18c0  00000000 00000000 00000000 00000000
0000009e18d0  00000000 00000000 00000000 00000000
0000009e18e0  00000000 00000000 00000021 00000000
0000009e18f0  656d6974 6d617473 00000070 00000000
0000009e1900  00000000 00000000 00000031 00000000
0000009e1910  7273752f 62696c2f 7973722f 676f6c73
0000009e1920  756d692f 636f7378 6f732e6b 00000000
0000009e1930  00000020 00000000 00000021 00000000
0000009e1940  00000020 00000000 00000000 00000000
0000009e1950  00000000 00000000 00000091 00000000
0000009e1960  009e19f0 00000000 00000002 00000000
0000009e1970  009e1a80 00000000 00000000 00000000
0000009e1980  00000000 00000000 00000000 00000000
0000009e1990  00000000 00000000 00000000 00000000
0000009e19a0  00000000 00000000 00000000 00000000
0000009e19b0  00000000 00000000 00000000 00000000
0000009e19c0  00000000 00000000 00000000 00000000
0000009e19d0  00000000 00000000 00000000 00000000
0000009e19e0  00000000 00000000 00000091 00000000
0000009e19f0  009e1ac0 00000000 00000001 00000000
0000009e1a00  009e1aa0 00000000 00000001 00000000
0000009e1a10  00000000 00000000 00000000 00000000
0000009e1a20  00000000 00000000 00000000 00000000
0000009e1a30  00000000 00000000 00000000 00000000
0000009e1a40  00000000 00000000 00000000 00000000
0000009e1a50  00000000 00000000 00000000 00000000
0000009e1a60  00000000 00000000 00000000 00000000
0000009e1a70  00000000 00000000 00000021 00000000
0000009e1a80  74736f68 656d616e 00000000 00000000
0000009e1a90  00000000 00000000 00000021 00000000
0000009e1aa0  00000020 00000000 00000000 00000000
0000009e1ab0  00000000 00000000 00000091 00000000
0000009e1ac0  009e1b50 00000000 00000002 00000000
0000009e1ad0  009e1be0 00000000 00000000 00000000
0000009e1ae0  00000000 00000000 00000000 00000000
0000009e1af0  00000000 00000000 00000000 00000000
0000009e1b00  00000000 00000000 00000000 00000000
0000009e1b10  00000000 00000000 00000000 00000000
0000009e1b20  00000000 00000000 00000000 00000000
0000009e1b30  00000000 00000000 00000000 00000000
0000009e1b40  00000000 00000000 00000091 00000000
0000009e1b50  009e1c00 00000000 00000002 00000000
0000009e1b60  009e1c90 00000000 00000000 00000000
0000009e1b70  00000000 00000000 00000000 00000000
0000009e1b80  00000000 00000000 00000000 00000000
0000009e1b90  00000000 00000000 00000000 00000000
0000009e1ba0  00000000 00000000 00000000 00000000
0000009e1bb0  00000000 00000000 00000000 00000000
0000009e1bc0  00000000 00000000 00000000 00000000
0000009e1bd0  00000000 00000040 00000021 00000000
0000009e1be0  6c737973 6174676f 00000067 00000000
0000009e1bf0  00000000 00000000 00000091 00000000
0000009e1c00  009e1cb0 00000000 00000002 00000000
0000009e1c10  009e1d40 00000000 00000000 00000000
0000009e1c20  00000000 00000000 00000000 00000000
0000009e1c30  00000000 00000000 00000000 00000000
0000009e1c40  00000000 00000000 00000000 00000000
0000009e1c50  00000000 00000000 00000000 00000000
0000009e1c60  00000000 00000000 00000000 00000000
0000009e1c70  00000000 00000000 00000000 00000000
0000009e1c80  00000000 00000008 00000021 00000000
0000009e1c90  0067736d 00000000 00000000 00000000
0000009e1ca0  00000000 00000000 00000091 00000000
0000009e1cb0  00000000 00000000 00000001 00000000
0000009e1cc0  009e1d60 00000000 00000001 00000000
0000009e1cd0  00000000 00000000 00000000 00000000
0000009e1ce0  00000000 00000000 00000000 00000000
0000009e1cf0  00000000 00000000 00000000 00000000
0000009e1d00  00000000 00000000 00000000 00000000
0000009e1d10  00000000 00000000 00000000 00000000
0000009e1d20  00000000 00000000 00000000 00000000
0000009e1d30  00000000 00000000 00000021 00000000
0000009e1d40  0067736d 00000000 00000000 00000000
0000009e1d50  00000000 00000000 00000021 00000000
0000009e1d60  0000000a 00000000 00000000 00000000
0000009e1d70  00000000 00000000 00000041 00000000
0000009e1d80  009e2370 00000000 009e1dc0 00000000
0000009e1d90  00000008 00000008 009e1de0 00000000
0000009e1da0  009e22a0 00000000 00000000 00000000
0000009e1db0  00000000 00000000 00000021 00000000
0000009e1dc0  6c615720 746d466c 00000000 00000000
0000009e1dd0  00000000 00000000 00000091 00000000
0000009e1de0  009e1ea0 00000000 00000001 00000000
0000009e1df0  009e1e70 00000000 00000018 00000000
0000009e1e00  00000000 00000000 00000000 00000000
0000009e1e10  00000000 00000000 00000000 00000000
0000009e1e20  00000000 00000000 00000000 00000000
0000009e1e30  00000000 00000000 00000000 00000000
0000009e1e40  00000000 00000000 00000000 00000000
0000009e1e50  00000000 00000000 00000000 00000000
0000009e1e60  00000000 00000000 00000031 00000000
0000009e1e70  4d070a0d 61737365 66206567 206d6f72
0000009e1e80  6c737973 4064676f 00000000 00000000
0000009e1e90  00000000 00000000 00000091 00000000
0000009e1ea0  009e1f30 00000000 00000002 00000000
0000009e1eb0  009e1fc0 00000000 00000000 00000000
0000009e1ec0  00000000 00000000 00000000 00000000
0000009e1ed0  00000000 00000000 00000000 00000000
0000009e1ee0  00000000 00000000 00000000 00000000
0000009e1ef0  00000000 00000000 00000000 00000000
0000009e1f00  00000000 00000000 00000000 00000000
0000009e1f10  00000000 00000000 00000000 00000000
0000009e1f20  00000000 00000000 00000091 00000000
0000009e1f30  009e2000 00000000 00000001 00000000
0000009e1f40  009e1fe0 00000000 00000004 00000000
0000009e1f50  00000000 00000000 00000000 00000000
0000009e1f60  00000000 00000000 00000000 00000000
0000009e1f70  00000000 00000000 00000000 00000000
0000009e1f80  00000000 00000000 00000000 00000000
0000009e1f90  00000000 00000000 00000000 00000000
0000009e1fa0  00000000 00000000 00000000 00000000
0000009e1fb0  00000000 00000000 00000021 00000000
0000009e1fc0  74736f68 656d616e 00000000 00000000
0000009e1fd0  00000000 00000000 00000021 00000000
0000009e1fe0  20746120 00000000 00000000 00000000
0000009e1ff0  00000000 00000000 00000091 00000000
