
7f7adfec1000  00000000 00000000 00000000 00000000
7f7adfec1010  00000000 00000000 00000000 00000000
7f7adfec1020  00000000 00000000 00000000 00000000
7f7adfec1030  00000000 00000000 00000000 00000000
7f7adfec1040  00000000 00000000 00000000 00000000
7f7adfec1050  00000000 00000000 00000000 00000000
7f7adfec1060  00000000 00000000 00000000 00000000
7f7adfec1070  00000000 00000000 00000000 00000000
7f7adfec1080  00000000 00000000 00000000 00000000
7f7adfec1090  00000000 00000000 00000000 00000000
7f7adfec10a0  00000000 00000000 00000000 00000000
7f7adfec10b0  00000000 00000000 00000000 00000000
7f7adfec10c0  00000000 00000000 00000000 00000000
7f7adfec10d0  00000000 00000000 00000000 00000000
7f7adfec10e0  00000000 00000000 00000000 00000000
7f7adfec10f0  00000000 00000000 00000000 00000000
7f7adfec1100  00000000 00000000 00000000 00000000
7f7adfec1110  00000000 00000000 00000000 00000000
7f7adfec1120  00000000 00000000 00000000 00000000
7f7adfec1130  00000000 00000000 00000000 00000000
7f7adfec1140  00000000 00000000 00000000 00000000
7f7adfec1150  00000000 00000000 00000000 00000000
7f7adfec1160  00000000 00000000 00000000 00000000
7f7adfec1170  00000000 00000000 00000000 00000000
7f7adfec1180  00000000 00000000 00000000 00000000
7f7adfec1190  00000000 00000000 00000000 00000000
7f7adfec11a0  00000000 00000000 00000000 00000000
7f7adfec11b0  00000000 00000000 00000000 00000000
7f7adfec11c0  00000000 00000000 00000000 00000000
7f7adfec11d0  00000000 00000000 00000000 00000000
7f7adfec11e0  00000000 00000000 00000000 00000000
7f7adfec11f0  00000000 00000000 00000000 00000000
7f7adfec1200  00000000 00000000 00000000 00000000
7f7adfec1210  00000000 00000000 00000000 00000000
7f7adfec1220  00000000 00000000 00000000 00000000
7f7adfec1230  00000000 00000000 00000000 00000000
7f7adfec1240  00000000 00000000 00000000 00000000
7f7adfec1250  00000000 00000000 00000000 00000000
7f7adfec1260  00000000 00000000 00000000 00000000
7f7adfec1270  00000000 00000000 00000000 00000000
7f7adfec1280  00000000 00000000 00000000 00000000
7f7adfec1290  00000000 00000000 00000000 00000000
7f7adfec12a0  00000000 00000000 00000000 00000000
7f7adfec12b0  00000000 00000000 00000000 00000000
7f7adfec12c0  00000000 00000000 00000000 00000000
7f7adfec12d0  00000000 00000000 00000000 00000000
7f7adfec12e0  00000000 00000000 00000000 00000000
7f7adfec12f0  00000000 00000000 00000000 00000000
7f7adfec1300  00000000 00000000 00000000 00000000
7f7adfec1310  00000000 00000000 00000000 00000000
7f7adfec1320  00000000 00000000 00000000 00000000
7f7adfec1330  00000000 00000000 00000000 00000000
7f7adfec1340  00000000 00000000 00000000 00000000
7f7adfec1350  00000000 00000000 00000000 00000000
7f7adfec1360  00000000 00000000 00000000 00000000
7f7adfec1370  00000000 00000000 00000000 00000000
7f7adfec1380  00000000 00000000 00000000 00000000
7f7adfec1390  00000000 00000000 00000000 00000000
7f7adfec13a0  00000000 00000000 00000000 00000000
7f7adfec13b0  00000000 00000000 00000000 00000000
7f7adfec13c0  00000000 00000000 00000000 00000000
7f7adfec13d0  00000000 00000000 00000000 00000000
7f7adfec13e0  00000000 00000000 00000000 00000000
7f7adfec13f0  00000000 00000000 00000000 00000000
7f7adfec1400  00000000 00000000 00000000 00000000
7f7adfec1410  00000000 00000000 00000000 00000000
7f7adfec1420  00000000 00000000 00000000 00000000
7f7adfec1430  00000000 00000000 00000000 00000000
7f7adfec1440  00000000 00000000 00000000 00000000
7f7adfec1450  00000000 00000000 00000000 00000000
7f7adfec1460  00000000 00000000 00000000 00000000
7f7adfec1470  00000000 00000000 00000000 00000000
7f7adfec1480  00000000 00000000 00000000 00000000
7f7adfec1490  00000000 00000000 00000000 00000000
7f7adfec14a0  00000000 00000000 00000000 00000000
7f7adfec14b0  00000000 00000000 00000000 00000000
7f7adfec14c0  00000000 00000000 00000000 00000000
7f7adfec14d0  00000000 00000000 00000000 00000000
7f7adfec14e0  00000000 00000000 00000000 00000000
7f7adfec14f0  00000000 00000000 00000000 00000000
7f7adfec1500  00000000 00000000 00000000 00000000
7f7adfec1510  00000000 00000000 00000000 00000000
7f7adfec1520  00000000 00000000 00000000 00000000
7f7adfec1530  00000000 00000000 00000000 00000000
7f7adfec1540  00000000 00000000 00000000 00000000
7f7adfec1550  00000000 00000000 00000000 00000000
7f7adfec1560  00000000 00000000 00000000 00000000
7f7adfec1570  00000000 00000000 00000000 00000000
7f7adfec1580  00000000 00000000 00000000 00000000
7f7adfec1590  00000000 00000000 00000000 00000000
7f7adfec15a0  00000000 00000000 00000000 00000000
7f7adfec15b0  00000000 00000000 00000000 00000000
7f7adfec15c0  00000000 00000000 00000000 00000000
7f7adfec15d0  00000000 00000000 00000000 00000000
7f7adfec15e0  00000000 00000000 00000000 00000000
7f7adfec15f0  00000000 00000000 00000000 00000000
7f7adfec1600  00000000 00000000 00000000 00000000
7f7adfec1610  00000000 00000000 00000000 00000000
7f7adfec1620  00000000 00000000 00000000 00000000
7f7adfec1630  00000000 00000000 00000000 00000000
7f7adfec1640  00000000 00000000 00000000 00000000
7f7adfec1650  00000000 00000000 00000000 00000000
7f7adfec1660  00000000 00000000 00000000 00000000
7f7adfec1670  00000000 00000000 00000000 00000000
7f7adfec1680  00000000 00000000 00000000 00000000
7f7adfec1690  00000000 00000000 00000000 00000000
7f7adfec16a0  00000000 00000000 00000000 00000000
7f7adfec16b0  00000000 00000000 00000000 00000000
7f7adfec16c0  00000000 00000000 00000000 00000000
7f7adfec16d0  00000000 00000000 00000000 00000000
7f7adfec16e0  00000000 00000000 00000000 00000000
7f7adfec16f0  00000000 00000000 00000000 00000000
7f7adfec1700  00000000 00000000 00000000 00000000
7f7adfec1710  00000000 00000000 00000000 00000000
7f7adfec1720  00000000 00000000 00000000 00000000
7f7adfec1730  00000000 00000000 00000000 00000000
7f7adfec1740  00000000 00000000 00000031 00000000
7f7adfec1750  e0075870 00007f7a c8eab190 00007f7a
7f7adfec1760  00000000 00000000 6762696c 652d6770
7f7adfec1770  726f7272 00000000 00000021 00000000
7f7adfec1780  00000000 00000000 00000000 00000000
7f7adfec1790  00000000 00000000 000079f1 00000000
7f7adfec17a0  00000000 00000000 00000000 00000000
7f7adfec17b0  00000000 00000000 00000000 00000000
7f7adfec17c0  dfec17a0 00007f7a 00000000 00000000
7f7adfec17d0  00000000 00000000 00000000 00000000
7f7adfec17e0  00000000 00000000 00000000 00000000
7f7adfec17f0  00000000 00000000 00000000 00000000
7f7adfec1800  00000000 00000000 00000000 00000000
7f7adfec1810  00000000 00000000 00000000 00000000
7f7adfec1820  00000000 00000000 00000000 00000000
7f7adfec1830  00000000 00000000 00000000 00000000
7f7adfec1840  00000000 00000000 00000000 00000000
7f7adfec1850  00000000 00000000 00000000 00000000
7f7adfec1860  00000000 00000000 00000000 00000000
7f7adfec1870  00000000 00000000 00000000 00000000
7f7adfec1880  00000000 00000000 00000000 00000000
7f7adfec1890  00000000 00000000 00000000 00000000
7f7adfec18a0  00000000 00000000 00000000 00000000
7f7adfec18b0  00000000 00000000 00000000 00000000
7f7adfec18c0  00000000 00000000 00000000 00000000
7f7adfec18d0  00000000 00000000 00000000 00000000
7f7adfec18e0  00000000 00000000 00000000 00000000
7f7adfec18f0  00000000 00000000 00000000 00000000
7f7adfec1900  00000000 00000000 00000000 00000000
7f7adfec1910  00000000 00000000 00000000 00000000
7f7adfec1920  00000000 00000000 00000000 00000000
7f7adfec1930  00000000 00000000 00000000 00000000
7f7adfec1940  00000000 00000000 00000000 00000000
7f7adfec1950  00000000 00000000 00000000 00000000
7f7adfec1960  00000000 00000000 00000000 00000000
7f7adfec1970  00000000 00000000 00000000 00000000
7f7adfec1980  00000000 00000000 00000000 00000000
7f7adfec1990  00000000 00000000 00000000 00000000
7f7adfec19a0  00000000 00000000 00000000 00000000
7f7adfec19b0  00000000 00000000 00000000 00000000
7f7adfec19c0  00000000 00000000 00000000 00000000
7f7adfec19d0  00000000 00000000 00000000 00000000
7f7adfec19e0  00000000 00000000 00000000 00000000
7f7adfec19f0  00000000 00000000 00000000 00000000
7f7adfec1a00  00000000 00000000 00000000 00000000
7f7adfec1a10  00000000 00000000 00000000 00000000
7f7adfec1a20  00000000 00000000 00000000 00000000
7f7adfec1a30  00000000 00000000 00000000 00000000
7f7adfec1a40  00000000 00000000 00000000 00000000
7f7adfec1a50  00000000 00000000 00000000 00000000
7f7adfec1a60  00000000 00000000 00000000 00000000
7f7adfec1a70  00000000 00000000 00000000 00000000
7f7adfec1a80  00000000 00000000 00000000 00000000
7f7adfec1a90  00000000 00000000 00000000 00000000
7f7adfec1aa0  00000000 00000000 00000000 00000000
7f7adfec1ab0  00000000 00000000 00000000 00000000
7f7adfec1ac0  00000000 00000000 00000000 00000000
7f7adfec1ad0  00000000 00000000 00000000 00000000
7f7adfec1ae0  00000000 00000000 00000000 00000000
7f7adfec1af0  00000000 00000000 00000000 00000000
7f7adfec1b00  00000000 00000000 00000000 00000000
7f7adfec1b10  00000000 00000000 00000000 00000000
7f7adfec1b20  00000000 00000000 00000000 00000000
7f7adfec1b30  00000000 00000000 00000000 00000000
7f7adfec1b40  00000000 00000000 00000000 00000000
7f7adfec1b50  00000000 00000000 00000000 00000000
7f7adfec1b60  00000000 00000000 00000000 00000000
7f7adfec1b70  00000000 00000000 00000000 00000000
7f7adfec1b80  00000000 00000000 00000000 00000000
7f7adfec1b90  00000000 00000000 00000000 00000000
7f7adfec1ba0  00000000 00000000 00000000 00000000
7f7adfec1bb0  00000000 00000000 00000000 00000000
7f7adfec1bc0  00000000 00000000 00000000 00000000
7f7adfec1bd0  00000000 00000000 00000000 00000000
7f7adfec1be0  00000000 00000000 00000000 00000000
7f7adfec1bf0  00000000 00000000 00000000 00000000
7f7adfec1c00  00000000 00000000 00000000 00000000
7f7adfec1c10  00000000 00000000 00000000 00000000
7f7adfec1c20  00000000 00000000 00000000 00000000
7f7adfec1c30  00000000 00000000 00000000 00000000
7f7adfec1c40  00000000 00000000 00000000 00000000
7f7adfec1c50  00000000 00000000 00000000 00000000
7f7adfec1c60  00000000 00000000 00000000 00000000
7f7adfec1c70  00000000 00000000 00000000 00000000
7f7adfec1c80  00000000 00000000 00000000 00000000
7f7adfec1c90  00000000 00000000 00000000 00000000
7f7adfec1ca0  00000000 00000000 00000000 00000000
7f7adfec1cb0  00000000 00000000 00000000 00000000
7f7adfec1cc0  00000000 00000000 00000000 00000000
7f7adfec1cd0  00000000 00000000 00000000 00000000
7f7adfec1ce0  00000000 00000000 00000000 00000000
7f7adfec1cf0  00000000 00000000 00000000 00000000
7f7adfec1d00  00000000 00000000 00000000 00000000
7f7adfec1d10  00000000 00000000 00000000 00000000
7f7adfec1d20  00000000 00000000 00000000 00000000
7f7adfec1d30  00000000 00000000 00000000 00000000
7f7adfec1d40  00000000 00000000 00000000 00000000
7f7adfec1d50  00000000 00000000 00000000 00000000
7f7adfec1d60  00000000 00000000 00000000 00000000
7f7adfec1d70  00000000 00000000 00000000 00000000
7f7adfec1d80  00000000 00000000 00000000 00000000
7f7adfec1d90  00000000 00000000 00000000 00000000
7f7adfec1da0  00000000 00000000 00000000 00000000
7f7adfec1db0  00000000 00000000 00000000 00000000
7f7adfec1dc0  00000000 00000000 00000000 00000000
7f7adfec1dd0  00000000 00000000 00000000 00000000
7f7adfec1de0  00000000 00000000 00000000 00000000
7f7adfec1df0  00000000 00000000 00000000 00000000
7f7adfec1e00  00000000 00000000 00000000 00000000
7f7adfec1e10  00000000 00000000 00000000 00000000
7f7adfec1e20  00000000 00000000 00000000 00000000
7f7adfec1e30  00000000 00000000 00000000 00000000
7f7adfec1e40  00000000 00000000 00000000 00000000
7f7adfec1e50  00000000 00000000 00000000 00000000
7f7adfec1e60  00000000 00000000 00000000 00000000
7f7adfec1e70  00000000 00000000 00000000 00000000
7f7adfec1e80  00000000 00000000 00000000 00000000
7f7adfec1e90  00000000 00000000 00000000 00000000
7f7adfec1ea0  00000000 00000000 00000000 00000000
7f7adfec1eb0  00000000 00000000 00000000 00000000
7f7adfec1ec0  00000000 00000000 00000000 00000000
7f7adfec1ed0  00000000 00000000 00000000 00000000
7f7adfec1ee0  00000000 00000000 00000000 00000000
7f7adfec1ef0  00000000 00000000 00000000 00000000
7f7adfec1f00  00000000 00000000 00000000 00000000
7f7adfec1f10  00000000 00000000 00000000 00000000
7f7adfec1f20  00000000 00000000 00000000 00000000
7f7adfec1f30  00000000 00000000 00000000 00000000
7f7adfec1f40  00000000 00000000 00000000 00000000
7f7adfec1f50  00000000 00000000 00000000 00000000
7f7adfec1f60  00000000 00000000 00000000 00000000
7f7adfec1f70  00000000 00000000 00000000 00000000
7f7adfec1f80  00000000 00000000 00000000 00000000
7f7adfec1f90  00000000 00000000 00000000 00000000
7f7adfec1fa0  00000000 00000000 20000000 00000000
7f7adfec1fb0  01000000 01000000 00100000 00000000
7f7adfec1fc0  57800000 00000000 20000000 00000000
7f7adfec1fd0  00000000 00000000 00000000 00000000
7f7adfec1fe0  00000000 00000000 00000000 00000000
7f7adfec1ff0  00000000 00000000 db5659b0 00007f7a
