
7f7adfec2000  dfec17c0 00007f7a 00000000 00000000
7f7adfec2010  00000000 00000000 00000000 00000000
7f7adfec2020  db565970 00007f7a dfec17c0 00007f7a
7f7adfec2030  00000000 00000000 00000000 00000000
7f7adfec2040  00000000 00000000 00000000 00000000
7f7adfec2050  00000000 00000000 00000000 00000000
7f7adfec2060  00000000 00000000 00000000 00000000
7f7adfec2070  00000000 00000000 00000000 00000001
7f7adfec2080  dfec2080 00007f7a dfec2080 00007f7a
7f7adfec2090  00000000 00000000 00000000 00000000
7f7adfec20a0  00000000 00000000 00000000 00000000
7f7adfec20b0  00000000 00000000 00000000 00000000
7f7adfec20c0  dfec2023 00007f7a 00000000 00000000
7f7adfec20d0  00000000 00000000 00000000 00000000
7f7adfec20e0  00000000 00000000 00000000 00000000
7f7adfec20f0  00000000 00000000 00000000 00000000
7f7adfec2100  00000000 00000000 00000000 00000000
7f7adfec2110  00000000 00000000 00000000 00000000
7f7adfec2120  00000000 00000000 00000000 00000000
7f7adfec2130  db565970 00007f7a dfec17c0 00007f7a
7f7adfec2140  00000000 00000000 00000000 00000000
7f7adfec2150  00000000 00000000 00000000 00000000
7f7adfec2160  00000000 00000000 00000000 00000000
7f7adfec2170  00000000 00000000 00000000 00000000
7f7adfec2180  00000000 00000000 00000000 00000000
7f7adfec2190  dfec2190 00007f7a dfec2190 00007f7a
7f7adfec21a0  00000000 00000000 00000000 00000000
7f7adfec21b0  00000000 00000000 00000000 00000000
7f7adfec21c0  00000000 00000000 00000000 00000000
7f7adfec21d0  dfec2133 00007f7a 00000000 00000000
7f7adfec21e0  00000000 00000000 00000000 00000000
7f7adfec21f0  00000000 00000000 00000000 00000000
7f7adfec2200  00000000 00000000 00000000 00000000
7f7adfec2210  00000000 00000000 00000000 00000000
7f7adfec2220  00000000 00000000 00000000 00000000
7f7adfec2230  00000000 00000000 00000000 00000000
7f7adfec2240  00000000 00000000 00000000 00000000
7f7adfec2250  00000000 00000000 00000000 00000000
7f7adfec2260  00000000 00000000 00000000 00000000
7f7adfec2270  00000000 00000000 00000000 00000000
7f7adfec2280  00000000 00000000 00000000 00000000
7f7adfec2290  00000000 00000000 00000000 00000000
7f7adfec22a0  00000000 00000000 00000000 00000000
7f7adfec22b0  00000000 00000000 00000000 00000000
7f7adfec22c0  00000000 00000000 00000000 00000000
7f7adfec22d0  00000000 00000000 00000000 00000000
7f7adfec22e0  00000000 00000000 00000000 00000000
7f7adfec22f0  00000001 00000000 0001d1ed 00000000
7f7adfec2300  00000000 00000000 00000000 00000000
7f7adfec2310  00000000 00000000 00000000 00000000
7f7adfec2320  00000000 00000000 00000000 00000000
7f7adfec2330  00000000 00000000 00000000 00000000
7f7adfec2340  00000000 00000000 00000000 00000000
7f7adfec2350  00000000 00000000 00000000 00000000
7f7adfec2360  00000000 00000000 00000000 00000000
7f7adfec2370  00000000 00000000 00000000 00000000
7f7adfec2380  00000000 00000000 00000000 00000000
7f7adfec2390  00000000 00000000 00000000 00000000
7f7adfec23a0  00000000 00000000 00000000 00000000
7f7adfec23b0  00000000 00000000 00000000 00000000
7f7adfec23c0  00000000 00000000 00000000 00000000
7f7adfec23d0  00000000 00000000 00000000 00000000
7f7adfec23e0  00000000 00000000 00000000 00000000
7f7adfec23f0  00000000 00000000 00000000 00000000
7f7adfec2400  00000000 00000000 00000000 00000000
7f7adfec2410  00000000 00000000 00000000 00000000
7f7adfec2420  00000000 00000000 00000000 00000000
7f7adfec2430  00000000 00000000 00000000 00000000
7f7adfec2440  00000000 00000000 00000000 00000000
7f7adfec2450  00000000 00000000 00000000 00000000
7f7adfec2460  00000000 00000000 00000000 00000000
7f7adfec2470  00000000 00000000 00000000 00000000
7f7adfec2480  00000000 00000000 00000000 00000000
7f7adfec2490  00000000 00000000 00000000 00000000
7f7adfec24a0  00000000 00000000 00000000 00000000
7f7adfec24b0  00000000 00000000 00000000 00000000
7f7adfec24c0  00000000 00000000 00000000 00000000
7f7adfec24d0  00000000 00000000 00000000 00000000
7f7adfec24e0  00000000 00000000 00000000 00000000
7f7adfec24f0  00000000 00000000 00000000 00000000
7f7adfec2500  00000000 00000000 00000000 00000000
7f7adfec2510  00000000 00000000 00000000 00000000
7f7adfec2520  00000000 00000000 00000000 00000000
7f7adfec2530  00000000 00000000 00000000 00000000
7f7adfec2540  00000000 00000000 00000000 00000000
7f7adfec2550  00000000 00000000 00000000 00000000
7f7adfec2560  00000000 00000000 00000000 00000000
7f7adfec2570  00000000 00000000 00000000 00000000
7f7adfec2580  00000000 00000000 00000000 00000000
7f7adfec2590  00000000 00000000 00000000 00000000
7f7adfec25a0  00000000 00000000 00000000 00000000
7f7adfec25b0  00000000 00000000 00000000 00000000
7f7adfec25c0  00000000 00000000 00000000 00000000
7f7adfec25d0  00000000 00000000 00000000 00000000
7f7adfec25e0  00000000 00000000 00000000 00000000
7f7adfec25f0  00000000 00000000 00000000 00000000
7f7adfec2600  00000000 00000000 00000000 00000000
7f7adfec2610  00000000 00000000 00000000 00000000
7f7adfec2620  00000000 00000000 00000000 00000000
7f7adfec2630  00000000 00000000 00000000 00000000
7f7adfec2640  00000000 00000000 00000000 00000000
7f7adfec2650  00000000 00000000 00000000 00000000
7f7adfec2660  00000000 00000000 00000000 00000000
7f7adfec2670  00000000 00000000 00000000 00000000
7f7adfec2680  00000000 00000000 00000000 00000000
7f7adfec2690  00000000 00000000 00000000 00000000
7f7adfec26a0  00000000 00000000 00000000 00000000
7f7adfec26b0  00000000 00000000 00000000 00000000
7f7adfec26c0  00000000 00000000 00000000 00000000
7f7adfec26d0  00000000 00000000 00000000 00000000
7f7adfec26e0  00000000 00000000 00000000 00000000
7f7adfec26f0  00000000 00000000 00000000 00000000
7f7adfec2700  00000000 00000000 00800000 00000000
7f7adfec2710  00000000 00000000 00000000 00000000
7f7adfec2720  00000000 00000000 00000000 00000000
7f7adfec2730  00000000 00000000 00000000 00000000
7f7adfec2740  00000000 00000000 00000000 00000000
7f7adfec2750  00000000 00000000 dfec4600 00007f7a
7f7adfec2760  00000000 00000000 00000000 00000000
7f7adfec2770  00000000 00000000 00000000 00000000
7f7adfec2780  00000000 00000000 00000000 00000000
7f7adfec2790  00000000 00000000 00000000 00000000
7f7adfec27a0  00000000 00000000 00000000 00000000
7f7adfec27b0  00000000 00000000 00000000 00000000
7f7adfec27c0  00000000 00000000 00000001 00000001
7f7adfec27d0  00000000 00000000 00000000 00000000
7f7adfec27e0  00000000 00000000 00000000 00000000
7f7adfec27f0  00000000 00000000 00000000 00000000
7f7adfec2800  00000000 00000000 00000000 00000000
7f7adfec2810  00000000 00000000 00000000 00000000
7f7adfec2820  00000000 00000000 00000000 00000000
7f7adfec2830  00000000 00000000 00000000 00000000
7f7adfec2840  00000000 00000000 00000000 00000000
7f7adfec2850  00000000 00000000 00000000 00000000
7f7adfec2860  00000000 00000000 00000000 00000000
7f7adfec2870  00000000 00000000 00000000 00000000
7f7adfec2880  00000000 00000000 00000000 00000000
7f7adfec2890  00000000 00000000 00000000 00000000
7f7adfec28a0  00000000 00000000 00000000 00000000
7f7adfec28b0  00000000 00000000 00000000 00000000
7f7adfec28c0  00000000 00000000 00000000 00000000
7f7adfec28d0  00000000 00000000 00000000 00000000
7f7adfec28e0  00000000 00000000 00000000 00000000
7f7adfec28f0  00000000 00000000 00000000 00000000
7f7adfec2900  00000000 00000000 00000000 00000000
7f7adfec2910  00000000 00000000 00000000 00000000
7f7adfec2920  00000000 00000000 00000000 00000000
7f7adfec2930  00000000 00000000 00000000 00000000
7f7adfec2940  00000000 00000000 00000000 00000000
7f7adfec2950  00000000 00000000 00000000 00000000
7f7adfec2960  00000000 00000000 00000000 00000000
7f7adfec2970  00000000 00000000 00000000 00000000
7f7adfec2980  00000000 00000000 00000000 00000000
7f7adfec2990  00000000 00000000 00000000 00000000
7f7adfec29a0  00000000 00000000 00000000 00000000
7f7adfec29b0  00000000 00000000 00000000 00000000
7f7adfec29c0  00000000 00000000 00000000 00000000
7f7adfec29d0  00000000 00000000 00000000 00000000
7f7adfec29e0  00000000 00000000 00000000 00000000
7f7adfec29f0  00000000 00000000 00000000 00000000
7f7adfec2a00  00000000 00000000 00000000 00000000
7f7adfec2a10  00000000 00000000 00000000 00000000
7f7adfec2a20  00000000 00000000 00000000 00000000
7f7adfec2a30  00000000 00000000 00000000 00000000
7f7adfec2a40  00000000 00000000 00000000 00000000
7f7adfec2a50  00000000 00000000 00000000 00000000
7f7adfec2a60  00000000 00000000 00000000 00000000
7f7adfec2a70  00000000 00000000 00000000 00000000
7f7adfec2a80  00000000 00000000 00000000 00000000
7f7adfec2a90  00000000 00000000 00000000 00000000
7f7adfec2aa0  00000000 00000000 00000000 00000000
7f7adfec2ab0  00000000 00000000 00000000 00000000
7f7adfec2ac0  00000000 00000000 00000000 00000000
7f7adfec2ad0  00000000 00000000 00000000 00000000
7f7adfec2ae0  00000000 00000000 00000000 00000000
7f7adfec2af0  00000000 00000000 00000000 00000000
7f7adfec2b00  00000000 00000000 00000000 00000000
7f7adfec2b10  00000000 00000000 00000000 00000000
7f7adfec2b20  00000000 00000000 00000000 00000000
7f7adfec2b30  00000000 00000000 00000000 00000000
7f7adfec2b40  00000000 00000000 00000000 00000000
7f7adfec2b50  00000000 00000000 00000000 00000000
7f7adfec2b60  00000000 00000000 00000000 00000000
7f7adfec2b70  00000000 00000000 00000000 00000000
7f7adfec2b80  00000000 00000000 00000000 00000000
7f7adfec2b90  00000000 00000000 00000000 00000000
7f7adfec2ba0  00000000 00000000 00000000 00000000
7f7adfec2bb0  00000000 00000000 00000000 00000000
7f7adfec2bc0  00000000 00000000 00000000 00000000
7f7adfec2bd0  00000000 00000000 00000000 00000000
7f7adfec2be0  00000000 00000000 00000000 00000000
7f7adfec2bf0  00000000 00000000 00000000 00000000
7f7adfec2c00  00000000 00000000 00000000 00000000
7f7adfec2c10  00000000 00000000 00000000 00000000
7f7adfec2c20  00000000 00000000 00000000 00000000
7f7adfec2c30  00000000 00000000 00000000 00000000
7f7adfec2c40  00000000 00000000 00000000 00000000
7f7adfec2c50  00000000 00000000 00000000 00000000
7f7adfec2c60  00000000 00000000 00000000 00000000
7f7adfec2c70  00000000 00000000 00000000 00000000
7f7adfec2c80  00000000 00000000 00000000 00000000
7f7adfec2c90  00000000 00000000 00000000 00000000
7f7adfec2ca0  00000000 00000000 00000000 00000000
7f7adfec2cb0  00000000 00000000 00000000 00000000
7f7adfec2cc0  00000000 00000000 00000000 00000000
7f7adfec2cd0  00000000 00000000 00000000 00000000
7f7adfec2ce0  00000000 00000000 00000000 00000000
7f7adfec2cf0  00000000 00000000 00000000 00000000
7f7adfec2d00  00000000 00000000 00000000 00000000
7f7adfec2d10  00000000 00000000 00000000 00000000
7f7adfec2d20  00000000 00000000 00000000 00000000
7f7adfec2d30  00000000 00000000 00000000 00000000
7f7adfec2d40  00000000 00000000 00000000 00000000
7f7adfec2d50  00000000 00000000 00000000 00000000
7f7adfec2d60  00000000 00000000 00000000 00000000
7f7adfec2d70  00000000 00000000 00000000 00000000
7f7adfec2d80  00000000 00000000 00000000 00000000
7f7adfec2d90  00000000 00000000 00000000 00000000
7f7adfec2da0  00000000 00000000 00000000 00000000
7f7adfec2db0  00000000 00000000 00000000 00000000
7f7adfec2dc0  00000000 00000000 00000000 00000000
7f7adfec2dd0  00000000 00000000 00000000 00000000
7f7adfec2de0  00000000 00000000 00000000 00000000
7f7adfec2df0  00000000 00000000 00000000 00000000
7f7adfec2e00  00000000 00000000 00000000 00000000
7f7adfec2e10  00000000 00000000 00000000 00000000
7f7adfec2e20  00000000 00000000 00000000 00000000
7f7adfec2e30  00000000 00000000 00000000 00000000
7f7adfec2e40  00000000 00000000 00000000 00000000
7f7adfec2e50  00000000 00000000 00000000 00000000
7f7adfec2e60  00000000 00000000 00000000 00000000
7f7adfec2e70  00000000 00000000 00000000 00000000
7f7adfec2e80  00000000 00000000 00000000 00000000
7f7adfec2e90  00000000 00000000 00000000 00000000
7f7adfec2ea0  00000000 00000000 00000000 00000000
7f7adfec2eb0  00000000 00000000 00000000 00000000
7f7adfec2ec0  00000000 00000000 00000000 00000000
7f7adfec2ed0  00000000 00000000 00000000 00000000
7f7adfec2ee0  00000000 00000000 00000000 00000000
7f7adfec2ef0  00000000 00000000 00000000 00000000
7f7adfec2f00  00000000 00000000 00000000 00000000
7f7adfec2f10  00000000 00000000 00000000 00000000
7f7adfec2f20  00000000 00000000 00000000 00000000
7f7adfec2f30  00000000 00000000 00000000 00000000
7f7adfec2f40  00000000 00000000 00000000 00000000
7f7adfec2f50  00000000 00000000 00000000 00000000
7f7adfec2f60  00000000 00000000 00000000 00000000
7f7adfec2f70  00000000 00000000 00000000 00000000
7f7adfec2f80  00000000 00000000 00000000 00000000
7f7adfec2f90  00000000 00000000 00000000 00000000
7f7adfec2fa0  00000000 00000000 00000000 00000000
7f7adfec2fb0  00000000 00000000 00000000 00000000
7f7adfec2fc0  00000000 00000000 00000000 00000000
7f7adfec2fd0  00000000 00000000 00000000 00000000
7f7adfec2fe0  00000000 00000000 00000000 00000000
7f7adfec2ff0  00000000 00000000 00000000 00000000
