
0000009e4000  00747569 00000000 00000000 00000000
0000009e4010  00000000 00000000 00000021 00000000
0000009e4020  0027202c 00000000 00000000 00000000
0000009e4030  00000000 00000000 00000091 00000000
0000009e4040  009e40d0 00000000 00000002 00000000
0000009e4050  009e4160 00000000 00000000 00000000
0000009e4060  00000000 00000000 00000000 00000000
0000009e4070  00000000 00000000 00000000 00000000
0000009e4080  00000000 00000000 00000000 00000000
0000009e4090  00000000 00000000 00000000 00000000
0000009e40a0  00000000 00000000 00000000 00000000
0000009e40b0  00000000 00000000 00000000 00000000
0000009e40c0  00000000 00000000 00000091 00000000
0000009e40d0  00000000 00000000 00000001 00000000
0000009e40e0  009e4180 00000000 00000002 00000000
0000009e40f0  00000000 00000000 00000000 00000000
0000009e4100  00000000 00000000 00000000 00000000
0000009e4110  00000000 00000000 00000000 00000000
0000009e4120  00000000 00000000 00000000 00000000
0000009e4130  00000000 00000000 00000000 00000000
0000009e4140  00000000 00000000 00000000 00000000
0000009e4150  00000000 00000000 00000021 00000000
0000009e4160  6c737973 6174676f 00000067 00000000
0000009e4170  00000000 00000000 00000021 00000000
0000009e4180  00002927 00000000 00000000 00000000
0000009e4190  00000000 00000000 00000041 00000000
0000009e41a0  00000000 00000000 009e41e0 00000000
0000009e41b0  0000000c 00000011 009e42f0 00000000
0000009e41c0  009e4d50 00000000 00000002 00000000
0000009e41d0  00000000 00000000 00000021 00000000
0000009e41e0  64745320 51536750 746d464c 00000000
0000009e41f0  00000000 00000000 00000091 00000000
0000009e4200  009e4410 00000000 00000002 00000000
0000009e4210  009e4290 00000000 00000000 00000000
0000009e4220  00000000 00000000 00000000 00000000
0000009e4230  00000000 00000000 00000000 00000000
0000009e4240  00000000 00000000 00000000 00000000
0000009e4250  00000000 00000000 00000000 00000000
0000009e4260  00000000 00000000 00000000 00000000
0000009e4270  00000000 00000000 00000000 00000000
0000009e4280  00000000 00000000 00000021 00000000
0000009e4290  0067736d 00007fc7 c8780ee8 00007fc7
0000009e42a0  00000000 00000000 00000021 00000000
0000009e42b0  00202c27 00007fc7 c8780ec8 00007fc7
0000009e42c0  00000000 00000000 00000021 00000000
0000009e42d0  6c737973 6166676f 696c6963 00007974
0000009e42e0  00000020 00000000 00000091 00000000
0000009e42f0  009e4200 00000000 00000001 00000000
0000009e4300  009e4380 00000000 00000081 00000000
0000009e4310  00000000 00000000 00000000 00000000
0000009e4320  00000000 00000000 00000000 00000000
0000009e4330  00000000 00000000 00000000 00000000
0000009e4340  00000000 00000000 00000000 00000000
0000009e4350  00000000 00000000 00000000 00000000
0000009e4360  00000000 00000000 00000000 00000000
0000009e4370  00000000 00000000 00000091 00000000
0000009e4380  65736e69 69207472 206f746e 74737953
0000009e4390  76456d65 73746e65 654d2820 67617373
0000009e43a0  46202c65 6c696361 2c797469 6f724620
0000009e43b0  736f486d 50202c74 726f6972 2c797469
0000009e43c0  76654420 52656369 726f7065 54646574
0000009e43d0  2c656d69 63655220 65766965 2c744164
0000009e43e0  666e4920 696e556f 2c444974 73795320
0000009e43f0  54676f4c 20296761 756c6176 28207365
0000009e4400  00000027 00000000 00000091 00000000
0000009e4410  009e44a0 00000000 00000001 00000000
0000009e4420  009e42b0 00000000 00000003 00000000
0000009e4430  00000000 00000000 00000000 00000000
0000009e4440  00000000 00000000 00000000 00000000
0000009e4450  00000000 00000000 00000000 00000000
0000009e4460  00000000 00000000 00000000 00000000
0000009e4470  00000000 00000000 00000000 00000000
0000009e4480  00000000 00000000 00000000 00000000
0000009e4490  00000000 00000000 00000091 00000000
0000009e44a0  009e4530 00000000 00000002 00000000
0000009e44b0  009e42d0 00000000 00000000 00000000
0000009e44c0  00000000 00000000 00000000 00000000
0000009e44d0  00000000 00000000 00000000 00000000
0000009e44e0  00000000 00000000 00000000 00000000
0000009e44f0  00000000 00000000 00000000 00000000
0000009e4500  00000000 00000000 00000000 00000000
0000009e4510  00000000 00000000 00000000 00000000
0000009e4520  00000000 00000000 00000091 00000000
0000009e4530  009e45e0 00000000 00000001 00000000
0000009e4540  009e45c0 00000000 00000003 00000000
0000009e4550  00000000 00000000 00000000 00000000
0000009e4560  00000000 00000000 00000000 00000000
0000009e4570  00000000 00000000 00000000 00000000
0000009e4580  00000000 00000000 00000000 00000000
0000009e4590  00000000 00000000 00000000 00000000
0000009e45a0  00000000 00000000 00000000 00000000
0000009e45b0  00000000 00000000 00000021 00000000
0000009e45c0  0027202c 00000000 00000000 00000000
0000009e45d0  00000000 00000000 00000091 00000000
0000009e45e0  009e4670 00000000 00000002 00000000
0000009e45f0  009e4700 00000000 00000000 00000000
0000009e4600  00000000 00000000 00000000 00000000
0000009e4610  00000000 00000000 00000000 00000000
0000009e4620  00000000 00000000 00000000 00000000
0000009e4630  00000000 00000000 00000000 00000000
0000009e4640  00000000 00000000 00000000 00000000
0000009e4650  00000000 00000000 00000000 00000000
0000009e4660  00000000 00000000 00000091 00000000
0000009e4670  009e4740 00000000 00000001 00000000
0000009e4680  009e4720 00000000 00000003 00000000
0000009e4690  00000000 00000000 00000000 00000000
0000009e46a0  00000000 00000000 00000000 00000000
0000009e46b0  00000000 00000000 00000000 00000000
0000009e46c0  00000000 00000000 00000000 00000000
0000009e46d0  00000000 00000000 00000000 00000000
0000009e46e0  00000000 00000000 00000000 00000000
0000009e46f0  00000000 00000000 00000021 00000000
0000009e4700  74736f68 656d616e 00000000 00000000
0000009e4710  00000000 00000000 00000021 00000000
0000009e4720  00202c27 00000000 00000000 00000000
0000009e4730  00000000 00000000 00000091 00000000
0000009e4740  009e47d0 00000000 00000002 00000000
0000009e4750  009e4860 00000000 00000000 00000000
0000009e4760  00000000 00000000 00000000 00000000
0000009e4770  00000000 00000000 00000000 00000000
0000009e4780  00000000 00000000 00000000 00000000
0000009e4790  00000000 00000000 00000000 00000000
0000009e47a0  00000000 00000000 00000000 00000000
0000009e47b0  00000000 00000000 00000000 00000000
0000009e47c0  00000000 00000000 00000091 00000000
0000009e47d0  009e48a0 00000000 00000001 00000000
0000009e47e0  009e4880 00000000 00000003 00000000
0000009e47f0  00000000 00000000 00000000 00000000
0000009e4800  00000000 00000000 00000000 00000000
0000009e4810  00000000 00000000 00000000 00000000
0000009e4820  00000000 00000000 00000000 00000000
0000009e4830  00000000 00000000 00000000 00000000
0000009e4840  00000000 00000000 00000000 00000000
0000009e4850  00000000 00000000 00000021 00000000
0000009e4860  6c737973 7270676f 69726f69 00007974
0000009e4870  00000000 00000000 00000021 00000000
0000009e4880  0027202c 00000000 00000000 00000000
0000009e4890  00000000 00000000 00000091 00000000
0000009e48a0  009e4930 00000000 00000002 00000000
0000009e48b0  009e49c0 00000000 00000000 00000000
0000009e48c0  00000000 00000000 00000000 00000000
0000009e48d0  00000000 00000000 00000000 00000000
0000009e48e0  00000000 00000000 00000000 00000000
0000009e48f0  00000000 00000000 00000000 00000000
0000009e4900  00000000 00000000 00000000 00000000
0000009e4910  00000000 00000000 00000000 00000004
0000009e4920  00000000 00000000 00000091 00000000
0000009e4930  009e4a00 00000000 00000001 00000000
0000009e4940  009e49e0 00000000 00000004 00000000
0000009e4950  00000000 00000000 00000000 00000000
0000009e4960  00000000 00000000 00000000 00000000
0000009e4970  00000000 00000000 00000000 00000000
0000009e4980  00000000 00000000 00000000 00000000
0000009e4990  00000000 00000000 00000000 00000000
0000009e49a0  00000000 00000000 00000000 00000000
0000009e49b0  00000000 00000000 00000021 00000000
0000009e49c0  656d6974 6f706572 64657472 00000000
0000009e49d0  00000000 00000000 00000021 00000000
0000009e49e0  27202c27 00000000 00000000 00000000
0000009e49f0  00000000 00000000 00000091 00000000
0000009e4a00  009e4a90 00000000 00000002 00000000
0000009e4a10  009e4b20 00000000 00000000 00000000
0000009e4a20  00000000 00000000 00000000 00000000
0000009e4a30  00000000 00000000 00000000 00000000
0000009e4a40  00000000 00000000 00000000 00000000
0000009e4a50  00000000 00000000 00000000 00000000
0000009e4a60  00000000 00000000 00000000 00000000
0000009e4a70  00000000 00000000 00000000 00000004
0000009e4a80  00000000 00000000 00000091 00000000
0000009e4a90  009e4b60 00000000 00000001 00000000
0000009e4aa0  009e4b40 00000000 00000003 00000000
0000009e4ab0  00000000 00000000 00000000 00000000
0000009e4ac0  00000000 00000000 00000000 00000000
0000009e4ad0  00000000 00000000 00000000 00000000
0000009e4ae0  00000000 00000000 00000000 00000000
0000009e4af0  00000000 00000000 00000000 00000000
0000009e4b00  00000000 00000000 00000000 00000000
0000009e4b10  00000000 00000000 00000021 00000000
0000009e4b20  656d6974 656e6567 65746172 00000064
0000009e4b30  00000000 00000000 00000021 00000000
0000009e4b40  00202c27 00000000 00000000 00000000
0000009e4b50  00000000 00000000 00000091 00000000
0000009e4b60  009e4bf0 00000000 00000002 00000000
0000009e4b70  009e4c80 00000000 00000000 00000000
0000009e4b80  00000000 00000000 00000000 00000000
0000009e4b90  00000000 00000000 00000000 00000000
0000009e4ba0  00000000 00000000 00000000 00000000
0000009e4bb0  00000000 00000000 00000000 00000000
0000009e4bc0  00000000 00000000 00000000 00000000
0000009e4bd0  00000000 00000000 00000000 00000000
0000009e4be0  00000000 00000000 00000091 00000000
0000009e4bf0  009e4cc0 00000000 00000001 00000000
0000009e4c00  009e4ca0 00000000 00000003 00000000
0000009e4c10  00000000 00000000 00000000 00000000
0000009e4c20  00000000 00000000 00000000 00000000
0000009e4c30  00000000 00000000 00000000 00000000
0000009e4c40  00000000 00000000 00000000 00000000
0000009e4c50  00000000 00000000 00000000 00000000
0000009e4c60  00000000 00000000 00000000 00000000
0000009e4c70  00000000 00000000 00000021 00000000
0000009e4c80  00747569 00000000 00000000 00000000
0000009e4c90  00000000 00000000 00000021 00000000
0000009e4ca0  0027202c 00000000 00000000 00000000
0000009e4cb0  00000000 00000000 00000091 00000000
0000009e4cc0  009e4d50 00000000 00000002 00000000
0000009e4cd0  009e4de0 00000000 00000000 00000000
0000009e4ce0  00000000 00000000 00000000 00000000
0000009e4cf0  00000000 00000000 00000000 00000000
0000009e4d00  00000000 00000000 00000000 00000000
0000009e4d10  00000000 00000000 00000000 00000000
0000009e4d20  00000000 00000000 00000000 00000000
0000009e4d30  00000000 00000000 00000000 00000000
0000009e4d40  00000000 00000000 00000091 00000000
0000009e4d50  00000000 00000000 00000001 00000000
0000009e4d60  009e4e00 00000000 00000002 00000000
0000009e4d70  00000000 00000000 00000000 00000000
0000009e4d80  00000000 00000000 00000000 00000000
0000009e4d90  00000000 00000000 00000000 00000000
0000009e4da0  00000000 00000000 00000000 00000000
0000009e4db0  00000000 00000000 00000000 00000000
0000009e4dc0  00000000 00000000 00000000 00000000
0000009e4dd0  00000000 00000000 00000021 00000000
0000009e4de0  6c737973 6174676f 00000067 00000000
0000009e4df0  00000000 00000000 00000021 00000000
0000009e4e00  00002927 00000000 00000000 00000000
0000009e4e10  00000000 00000000 00000121 00000000
0000009e4e20  0000000f 00000000 00000000 00000000
0000009e4e30  00000001 00000000 00000000 00000000
0000009e4e40  c7191698 00007fc7 00000001 00000000
0000009e4e50  00000000 00000000 00000000 00000000
0000009e4e60  00000000 00000000 00000000 00000000
0000009e4e70  00000000 00000000 00000000 00000000
0000009e4e80  00000000 00000000 00000000 00000000
0000009e4e90  00000000 00000000 00000000 00000000
0000009e4ea0  00000000 00000000 00000000 00000000
0000009e4eb0  00000000 00000000 00000000 00000000
0000009e4ec0  00000000 00000000 00000000 00000000
0000009e4ed0  00000000 00000000 00000000 00000000
0000009e4ee0  00000000 00000000 00000000 00000000
0000009e4ef0  00000000 00000000 00000000 00000000
0000009e4f00  00000000 00000000 00000000 00000000
0000009e4f10  00000000 00000000 00000000 00000000
0000009e4f20  00000000 00000000 00000000 00000000
0000009e4f30  00000000 00000000 00000021 00000000
0000009e4f40  62696c2f 62696c2f 5f636367 6f732e73
0000009e4f50  0000312e 00000000 00000021 00000000
0000009e4f60  73797372 64676f6c 32313000 00000038
0000009e4f70  00000020 00000000 00000051 00000000
0000009e4f80  3e30333c 2072614d 32203131 30353a30
0000009e4f90  2032353a 6470746e 3736335b 203a5d34
0000009e4fa0  636e7973 6e6f7268 64657a69 206f7420
0000009e4fb0  312e3139 392e3938 2c342e34 72747320
0000009e4fc0  6d757461 00003220 00000091 00000000
0000009e4fd0  009ee770 00000000 00a049e0 00000000
0000009e4fe0  314c4553 31303131 32313037 746e2038
0000009e4ff0  335b6470 5d343736 7973203a 7268636e
