
7f7adfec4000  00000000 00000000 00000000 00000000
7f7adfec4010  00000000 00000000 00000000 00000000
7f7adfec4020  00000000 00000000 00000000 00000000
7f7adfec4030  00000000 00000000 00000000 00000000
7f7adfec4040  00000000 00000000 00000000 00000000
7f7adfec4050  00000000 00000000 00000000 00000000
7f7adfec4060  00000000 00000000 00000000 00000000
7f7adfec4070  00000000 00000000 00000000 00000000
7f7adfec4080  00000000 00000000 00000000 00000000
7f7adfec4090  00000000 00000000 00000000 00000000
7f7adfec40a0  00000000 00000000 00000000 00000000
7f7adfec40b0  00000000 00000000 00000000 00000000
7f7adfec40c0  00000000 00000000 00000000 00000000
7f7adfec40d0  00000000 00000000 00000000 00000000
7f7adfec40e0  00000000 00000000 00000000 00000000
7f7adfec40f0  00000000 00000000 00000000 00000000
7f7adfec4100  00000000 00000000 00000000 00000000
7f7adfec4110  00000000 00000000 00000000 00000000
7f7adfec4120  00000000 00000000 00000000 00000000
7f7adfec4130  00000000 00000000 00000000 00000000
7f7adfec4140  00000000 00000000 00000000 00000000
7f7adfec4150  00000000 00000000 00000000 00000000
7f7adfec4160  00000000 00000000 00000000 00000000
7f7adfec4170  00000000 00000000 00000000 00000000
7f7adfec4180  00000000 00000000 00000000 00000000
7f7adfec4190  00000000 00000000 00000000 00000000
7f7adfec41a0  00000000 00000000 00000000 00000000
7f7adfec41b0  00000000 00000000 00000000 00000000
7f7adfec41c0  00000000 00000000 00000000 00000000
7f7adfec41d0  00000000 00000000 00000000 00000000
7f7adfec41e0  00000000 00000000 00000000 00000000
7f7adfec41f0  00000000 00000000 00000000 00000000
7f7adfec4200  00000000 00000000 00000000 00000000
7f7adfec4210  00000000 00000000 00000000 00000000
7f7adfec4220  00000000 00000000 00000000 00000000
7f7adfec4230  00000000 00000000 00000000 00000000
7f7adfec4240  00000000 00000000 00000000 00000000
7f7adfec4250  00000000 00000000 00000000 00000000
7f7adfec4260  00000000 00000000 00000000 00000000
7f7adfec4270  00000000 00000000 00000000 00000000
7f7adfec4280  00000000 00000000 00000000 00000000
7f7adfec4290  00000000 00000000 00000000 00000000
7f7adfec42a0  00000000 00000000 00000000 00000000
7f7adfec42b0  00000000 00000000 00000000 00000000
7f7adfec42c0  00000000 00000000 00000000 00000000
7f7adfec42d0  00000000 00000000 00000000 00000000
7f7adfec42e0  00000000 00000000 00000000 00000000
7f7adfec42f0  00000000 00000000 00000000 00000000
7f7adfec4300  00000000 00000000 00000000 00000000
7f7adfec4310  00000000 00000000 00000000 00000000
7f7adfec4320  00000000 00000000 00000000 00000000
7f7adfec4330  00000000 00000000 00000000 00000000
7f7adfec4340  00000000 00000000 00000000 00000000
7f7adfec4350  00000000 00000000 00000000 00000000
7f7adfec4360  00000000 00000000 00000000 00000000
7f7adfec4370  00000000 00000000 00000000 00000000
7f7adfec4380  00000000 00000000 00000000 00000000
7f7adfec4390  00000000 00000000 00000000 00000000
7f7adfec43a0  00000000 00000000 00000000 00000000
7f7adfec43b0  00000000 00000000 00000000 00000000
7f7adfec43c0  00000000 00000000 00000000 00000000
7f7adfec43d0  00000000 00000000 00000000 00000000
7f7adfec43e0  00000000 00000000 00000000 00000000
7f7adfec43f0  00000000 00000000 00000000 00000000
7f7adfec4400  00000000 00000000 00000000 00000000
7f7adfec4410  00000000 00000000 00000000 00000000
7f7adfec4420  00000000 00000000 00000000 00000000
7f7adfec4430  00000000 00000000 00000000 00000000
7f7adfec4440  00000000 00000000 00000000 00000000
7f7adfec4450  00000000 00000000 00000000 00000000
7f7adfec4460  00000000 00000000 00000000 00000000
7f7adfec4470  00000000 00000000 00000000 00000000
7f7adfec4480  00000000 00000000 00000000 00000000
7f7adfec4490  00000000 00000000 00000000 00000000
7f7adfec44a0  00000000 00000000 00000000 00000000
7f7adfec44b0  00000000 00000000 00000000 00000000
7f7adfec44c0  00000000 00000000 00000000 00000000
7f7adfec44d0  00000000 00000000 00000000 00000000
7f7adfec44e0  00000000 00000000 00000000 00000000
7f7adfec44f0  00000000 00000000 00000000 00000000
7f7adfec4500  00000000 00000000 00000000 00000000
7f7adfec4510  00000000 00000000 00000000 00000000
7f7adfec4520  00000000 00000000 00000000 00000000
7f7adfec4530  00000000 00000000 00000000 00000000
7f7adfec4540  00000000 00000000 ffc00000 41dfffff
7f7adfec4550  00000000 00000000 00000000 00000000
7f7adfec4560  00000000 00000000 00000000 00000000
7f7adfec4570  00000000 00000001 00000000 00000000
7f7adfec4580  00000000 00000000 00000000 00000000
7f7adfec4590  00000000 00000000 dfec17c0 00007f7a
7f7adfec45a0  00000000 00000000 00000000 00000000
7f7adfec45b0  00000000 00000000 00000000 00000000
7f7adfec45c0  00000000 00000000 00000000 00000000
7f7adfec45d0  00000000 00000000 00000000 00000000
7f7adfec45e0  00000000 00000000 00000000 00000000
7f7adfec45f0  00000000 00000000 00000000 00000000
7f7adfec4600  dfec17c0 00007f7a 00000000 00000000
7f7adfec4610  00000000 00000000 00000000 00000000
7f7adfec4620  00000000 00000000 00000000 00000000
7f7adfec4630  00000000 00000000 00000000 00000000
7f7adfec4640  00000000 00000000 00000000 00000000
7f7adfec4650  00000001 00000000 00000000 00000000
7f7adfec4660  00000000 00000000 00000000 00000000
7f7adfec4670  00000001 00000000 dfec17c0 00007f7a
7f7adfec4680  dfec17c0 00007f7a 00000000 00000000
7f7adfec4690  00000000 00000000 00000000 00000000
7f7adfec46a0  00000000 00000000 00000000 00000000
7f7adfec46b0  00000000 00000000 00000000 00000000
7f7adfec46c0  00000000 00000000 00000000 00000000
7f7adfec46d0  00000000 00000000 00000000 00000000
7f7adfec46e0  00000000 00000000 00000000 00000000
7f7adfec46f0  00000000 00000000 00000000 00000000
7f7adfec4700  00000000 00000000 00000000 00000000
7f7adfec4710  00000000 00000000 00000000 00000000
7f7adfec4720  00000000 00000000 00000000 00000000
7f7adfec4730  00000000 00000005 00000000 00000000
7f7adfec4740  00000000 00000000 00000000 00000000
7f7adfec4750  00000000 00000000 00000000 00000000
7f7adfec4760  00000000 00000000 00000000 00000000
7f7adfec4770  00000000 00000000 dfec17c0 00007f7a
7f7adfec4780  00000000 00000000 00000000 00000000
7f7adfec4790  00000000 00000000 00000000 00000000
7f7adfec47a0  00000000 00000000 dfec17c0 00007f7a
7f7adfec47b0  00000000 00000000 00000000 00000000
7f7adfec47c0  00000000 00000000 00000000 00000000
7f7adfec47d0  00000000 00000000 00000000 00000000
7f7adfec47e0  00000000 00000000 00000000 00000000
7f7adfec47f0  00000000 00000000 00000000 00000000
7f7adfec4800  00000000 00000000 00000000 00000000
7f7adfec4810  00000000 00000000 00000000 00000000
7f7adfec4820  00000000 00000000 00000000 00000000
7f7adfec4830  00000000 00000000 00000000 00000000
7f7adfec4840  00000000 00000000 00000000 00000000
7f7adfec4850  00000000 00000000 00000000 00000000
7f7adfec4860  00000000 00000000 00000000 00000000
7f7adfec4870  00000000 00000000 00000000 00000000
7f7adfec4880  00000000 00000000 00000000 00000000
7f7adfec4890  00000000 00000000 00000000 00000000
7f7adfec48a0  00000000 00000000 00000000 00000000
7f7adfec48b0  00000000 00000000 00000000 00000000
7f7adfec48c0  00000000 00000000 00000000 00000000
7f7adfec48d0  00000000 00000000 00000000 00000000
7f7adfec48e0  00000000 00000000 00000000 00000000
7f7adfec48f0  00000000 00000000 00000000 00000000
7f7adfec4900  00000000 00000000 00000000 00000000
7f7adfec4910  00000000 00000000 00000000 00000000
7f7adfec4920  00000000 00000000 00000000 00000000
7f7adfec4930  00000000 00000000 00000000 00000000
7f7adfec4940  00000000 00000000 00000000 00000000
7f7adfec4950  00000000 00000000 00000000 00000000
7f7adfec4960  00000000 00000000 00000000 00000000
7f7adfec4970  00000000 00000000 00000000 00000001
7f7adfec4980  00000000 00000000 00000000 00000000
7f7adfec4990  00000000 00000000 00000000 00000000
7f7adfec49a0  00000000 00000000 00000000 00000000
7f7adfec49b0  00000000 00000000 00000000 00000000
7f7adfec49c0  00000000 00000000 00000000 00000000
7f7adfec49d0  00000000 00000000 00000000 00000000
7f7adfec49e0  00000000 00000000 00000000 00000000
7f7adfec49f0  00000000 00000000 00000000 00000000
7f7adfec4a00  00000000 00000000 00000001 00000000
7f7adfec4a10  00000000 00000000 00000000 00000000
7f7adfec4a20  00000000 00000000 00000000 00000000
7f7adfec4a30  00000000 00000000 00000001 00000000
7f7adfec4a40  00000000 00000000 00000000 00000000
7f7adfec4a50  00000000 00000000 dfec17a0 00007f7a
7f7adfec4a60  fffffff8 ffffffff fffffff8 ffffffff
7f7adfec4a70  fffffff8 ffffffff fffffff8 ffffffff
7f7adfec4a80  00000000 00000000 00000000 00000000
7f7adfec4a90  00000000 00000000 00000000 00000000
7f7adfec4aa0  00000000 00000000 00000000 00000000
7f7adfec4ab0  00000000 00000000 00000000 00000000
7f7adfec4ac0  00000000 00000000 00000000 00000000
7f7adfec4ad0  ffffffff 00000000 00000000 00000000
7f7adfec4ae0  00000000 00000000 00000000 00000000
7f7adfec4af0  00000000 00000000 00000000 00000000
7f7adfec4b00  00000000 00000000 00000000 00000000
7f7adfec4b10  00000000 00000000 00000000 00000000
7f7adfec4b20  00000000 00000000 00000000 00000000
7f7adfec4b30  00000000 00000000 00000000 00000000
7f7adfec4b40  00000004 00000000 00000000 00000000
7f7adfec4b50  00000000 00000000 00000000 00000000
7f7adfec4b60  00000000 00000000 00000000 00000000
7f7adfec4b70  0000000f 00000000 00000000 00000000
7f7adfec4b80  00000000 00000000 00000000 00000000
7f7adfec4b90  00000000 00000000 00000000 00000000
7f7adfec4ba0  00000000 00000000 00000000 00000000
7f7adfec4bb0  00000000 00000000 00000000 00000000
7f7adfec4bc0  00000000 00000000 00000000 00000000
7f7adfec4bd0  00000000 00000000 00000000 00000000
7f7adfec4be0  dfec17a0 00007f7a 00000000 00000000
7f7adfec4bf0  00000000 00000000 00000000 00000000
7f7adfec4c00  00000000 00000000 dfec9190 00007f7a
7f7adfec4c10  00000000 00000000 00000000 00000000
7f7adfec4c20  00000000 00000000 00000000 00000000
7f7adfec4c30  00000000 00000000 00000000 00000000
7f7adfec4c40  00000000 00000000 00000000 00000000
7f7adfec4c50  00000000 00000000 00000000 00000000
7f7adfec4c60  00000000 00000000 00000000 00000000
7f7adfec4c70  00000000 00000000 00000000 00000000
7f7adfec4c80  00000000 00000000 00000000 00000000
7f7adfec4c90  00000000 00000000 00000000 00000000
7f7adfec4ca0  00000000 00000000 00000000 00000000
7f7adfec4cb0  00000000 00000000 00000000 00000000
7f7adfec4cc0  00000000 00000000 00000000 00000000
7f7adfec4cd0  00000000 00000000 00000000 00000000
7f7adfec4ce0  00000000 00000000 00000000 00000000
7f7adfec4cf0  00000000 00000000 00000000 00000000
7f7adfec4d00  00000000 00000000 00000000 00000000
7f7adfec4d10  00000000 00000000 00000000 00000000
7f7adfec4d20  00000000 00000000 00000000 00000000
7f7adfec4d30  001fffff 00000000 001fffff 00000000
7f7adfec4d40  001fffff 00000000 001fffff 00000000
7f7adfec4d50  001fffff 00000000 001fffff 00000000
7f7adfec4d60  001fffff 00000000 001fffff 00000000
7f7adfec4d70  001fffff 00000000 001fffff 00000000
7f7adfec4d80  001fffff 00000000 001fffff 00000000
7f7adfec4d90  001fffff 00000000 001fffff 00000000
7f7adfec4da0  001fffff 00000000 001fffff 00000000
7f7adfec4db0  001fffff 00000000 001fffff 00000000
7f7adfec4dc0  001fffff 00000000 001fffff 00000000
7f7adfec4dd0  001fffff 00000000 001fffff 00000000
7f7adfec4de0  001fffff 00000000 001fffff 00000000
7f7adfec4df0  001fffff 00000000 001fffff 00000000
7f7adfec4e00  001fffff 00000000 001fffff 00000000
7f7adfec4e10  001fffff 00000000 001fffff 00000000
7f7adfec4e20  001fffff 00000000 001fffff 00000000
7f7adfec4e30  001fffff 00000000 001fffff 00000000
7f7adfec4e40  001fffff 00000000 001fffff 00000000
7f7adfec4e50  001fffff 00000000 001fffff 00000000
7f7adfec4e60  001fffff 00000000 001fffff 00000000
7f7adfec4e70  001fffff 00000000 001fffff 00000000
7f7adfec4e80  001fffff 00000000 001fffff 00000000
7f7adfec4e90  001fffff 00000000 001fffff 00000000
7f7adfec4ea0  001fffff 00000000 001fffff 00000000
7f7adfec4eb0  001fffff 00000000 001fffff 00000000
7f7adfec4ec0  001fffff 00000000 001fffff 00000000
7f7adfec4ed0  001fffff 00000000 001fffff 00000000
7f7adfec4ee0  001fffff 00000000 001fffff 00000000
7f7adfec4ef0  001fffff 00000000 001fffff 00000000
7f7adfec4f00  001fffff 00000000 001fffff 00000000
7f7adfec4f10  001fffff 00000000 001fffff 00000000
7f7adfec4f20  001fffff 00000000 001fffff 00000000
7f7adfec4f30  001fffff 00000000 001fffff 00000000
7f7adfec4f40  001fffff 00000000 001fffff 00000000
7f7adfec4f50  001fffff 00000000 001fffff 00000000
7f7adfec4f60  001fffff 00000000 001fffff 00000000
7f7adfec4f70  001fffff 00000000 001fffff 00000000
7f7adfec4f80  001fffff 00000000 001fffff 00000000
7f7adfec4f90  001fffff 00000000 001fffff 00000000
7f7adfec4fa0  001fffff 00000000 001fffff 00000000
7f7adfec4fb0  001fffff 00000000 001fffff 00000000
7f7adfec4fc0  001fffff 00000000 001fffff 00000000
7f7adfec4fd0  001fffff 00000000 001fffff 00000000
7f7adfec4fe0  001fffff 00000000 001fffff 00000000
7f7adfec4ff0  001fffff 00000000 001fffff 00000000
