
0000009e8000  00000000 00000000 00000021 00000000
0000009e8010  c75bd59b 00007fc7 66b86d22 943644be
0000009e8020  00000000 00000000 00000031 00000000
0000009e8030  009e8060 00000000 009e8080 00000000
0000009e8040  009e7fe0 00000000 00000000 00000000
0000009e8050  00000000 00000000 00000021 00000000
0000009e8060  c75bd5a6 00007fc7 6eb86d22 943644be
0000009e8070  00000000 00000000 00000031 00000000
0000009e8080  009e80b0 00000000 00000000 00000000
0000009e8090  00000000 00000000 00000001 00000000
0000009e80a0  00000000 00000000 00000021 00000000
0000009e80b0  c75bd5b1 00007fc7 60386d22 943644be
0000009e80c0  00000000 00000000 00000031 00000000
0000009e80d0  00000000 00000000 00000000 00000000
0000009e80e0  00000000 00000000 00000000 00000000
0000009e80f0  00000000 00000000 00000131 00000000
0000009e8100  009d7580 00000000 00000000 00000000
0000009e8110  00000001 00000000 00000001 00000000
0000009e8120  009e8230 00000000 0000ea60 00000000
0000009e8130  00000000 00000000 00000000 00000000
0000009e8140  00000000 00000000 00000000 00000000
0000009e8150  00000000 00000000 00000000 00000000
0000009e8160  00000000 00000000 00000000 00000000
0000009e8170  00000000 00000000 00000000 00000000
0000009e8180  00000000 00000000 00000000 00000000
0000009e8190  00000000 00000000 00000000 00000000
0000009e81a0  00000000 00000000 00000000 00000000
0000009e81b0  00000000 00000000 00000001 00000000
0000009e81c0  009eecb0 00000000 009e80d0 00000000
0000009e81d0  009eedd0 00000000 004280a0 00000000
0000009e81e0  00429760 00000000 00428110 00000000
0000009e81f0  004296c0 00000000 00424460 00000000
0000009e8200  00428a10 00000000 00428140 00000000
0000009e8210  00428610 00000000 009edd30 00000000
0000009e8220  00000000 00000000 00000021 00000000
0000009e8230  009e8250 00000000 c8780e98 00007fc7
0000009e8240  00000000 00000000 000000b1 00000000
0000009e8250  009d74c0 00000000 00000000 00000000
0000009e8260  00000001 00000000 c7191700 00007fc7
0000009e8270  00000001 00000000 00a04250 00000000
0000009e8280  009e8100 00000000 00000000 00000000
0000009e8290  00000000 00000000 00000000 00000000
0000009e82a0  00000000 00000000 00000000 00000000
0000009e82b0  00000000 00000000 00000000 00000000
0000009e82c0  00000000 00000000 00000000 00000000
0000009e82d0  00000000 00000000 00000000 00000000
0000009e82e0  00000000 00000000 009ee3d0 00000000
0000009e82f0  00000000 00000000 00000021 00000000
0000009e8300  78756d69 6b636f73 009ef700 00000000
0000009e8310  00000020 00000000 00000021 00000000
0000009e8320  6c6b6d69 0000676f c8780ea8 00007fc7
0000009e8330  00000020 00000000 00000091 00000000
0000009e8340  009e8980 00000000 00000000 00000000
0000009e8350  00000000 00000000 00000000 00000000
0000009e8360  00000000 000000ff 00ff0000 00000000
0000009e8370  00000000 00000000 00000000 00000000
0000009e8380  00000000 00000000 00000001 00000000
0000009e8390  0042d480 00000000 00000000 00000000
0000009e83a0  00000000 00000000 00000000 00000000
0000009e83b0  009f0110 00000000 009f0110 00000000
0000009e83c0  00000000 00000000 00000131 00000000
0000009e83d0  7261762f 676f6c2f 7475612f 6f6c2e68
0000009e83e0  00000067 00000000 00000000 00000000
0000009e83f0  00000000 00000000 00000000 00000000
0000009e8400  00000000 00000000 00000000 00000000
0000009e8410  00000000 00000000 00000000 00000000
0000009e8420  00000000 00000000 00000000 00000000
0000009e8430  00000000 00000000 00000000 00000000
0000009e8440  00000000 00000000 00000000 00000000
0000009e8450  00000000 00000000 00000000 00000000
0000009e8460  00000000 00000000 00000000 00000000
0000009e8470  00000000 00000000 00000000 00000000
0000009e8480  00000000 00000000 00000000 00000000
0000009e8490  00000000 00000000 0000ffff 00000000
0000009e84a0  00000000 000001a0 000001ed 00000001
0000009e84b0  00000000 00000065 ffffffff 00000004
0000009e84c0  ffffffff 00000001 00000000 00000000
0000009e84d0  00000000 00000000 00000000 00000000
0000009e84e0  00000000 00000000 00000000 00000000
0000009e84f0  00000000 00000000 00000021 00000000
0000009e8500  00000000 00000000 00000000 00000000
0000009e8510  009ee8a0 00000000 00000021 00000000
0000009e8520  00000000 00000000 00000000 00000000
0000009e8530  009e8b60 00000000 00000031 00000000
0000009e8540  00000000 00000000 00000000 00000000
0000009e8550  00000000 00000000 00000000 00000000
0000009e8560  00000000 00000000 000000d1 00000000
0000009e8570  531f7718 00000000 ffffffff ffffffff
0000009e8580  00000000 00000000 00000000 00000000
0000009e8590  00010001 00000000 531f7736 00000000
0000009e85a0  0000001e 00000000 00000000 00000000
0000009e85b0  00000000 00000000 531f750b 00000000
0000009e85c0  009da200 00000000 009e83d0 00000000
0000009e85d0  00010000 00000000 00000000 00000000
0000009e85e0  00000001 00000000 009e8670 00000000
0000009e85f0  009efb80 00000000 009e8690 00000000
0000009e8600  009e8640 00000000 00000000 00000000
0000009e8610  00000000 00000000 00000000 00000000
0000009e8620  00000000 00000000 00000000 00000000
0000009e8630  00000000 00000000 00000031 00000000
0000009e8640  00000000 00000000 00000000 00000000
0000009e8650  00000000 00000000 00000000 00000000
0000009e8660  00000000 00000000 00000021 00000000
0000009e8670  009e1790 00000000 00000000 00000000
0000009e8680  00000000 00000000 00000281 00000000
0000009e8690  009d7620 00000000 009e8930 00000000
0000009e86a0  00000003 00000001 00000000 00000001
0000009e86b0  00000000 00000000 00000000 000003e8
0000009e86c0  00000001 00000000 00000064 00000000
0000009e86d0  00000000 00000000 00000000 00000000
0000009e86e0  009e8570 00000000 00000000 00000000
0000009e86f0  00000320 000000c8 00002648 000003ca
0000009e8700  000002bc 00000008 00000000 00000000
0000009e8710  000003e8 0000ea60 000007d0 00000000
0000009e8720  00000000 00000019 0042d880 00000000
0000009e8730  00427ff0 00000000 00428000 00000000
0000009e8740  00428010 00000000 00428020 00000000
0000009e8750  00000000 00000000 00000000 00000000
0000009e8760  00000000 00000000 00000000 00000000
0000009e8770  00000000 00000000 009e8950 00000000
0000009e8780  00000000 00000000 00000000 00000000
0000009e8790  00000000 00000000 00000000 00000000
0000009e87a0  00000000 00000000 00000000 00000000
0000009e87b0  00000000 00000000 00000000 00000000
0000009e87c0  00000000 00000000 00000000 00000000
0000009e87d0  00000000 00000000 00000000 00000000
0000009e87e0  00000000 00000000 00000000 00000000
0000009e87f0  00000000 00000000 00000000 00000000
0000009e8800  00000000 00000000 00000000 00000000
0000009e8810  00000000 00000000 00000000 00000000
0000009e8820  00000000 00000000 00000000 00000000
0000009e8830  00000000 00000000 00000000 00000000
0000009e8840  00000000 00000000 00000000 00000000
0000009e8850  00000000 00000000 00000000 00000000
0000009e8860  00000000 00000000 00000000 00000000
0000009e8870  00000000 00000000 009e8910 00000000
0000009e8880  00000000 00000000 00000000 00000000
0000009e8890  00000000 00000000 00000000 00000000
0000009e88a0  00100000 00000000 00000000 00000000
0000009e88b0  00000000 00000000 00000000 00000000
0000009e88c0  00000000 00000000 00000000 00000000
0000009e88d0  00000000 00000000 00000000 00000000
0000009e88e0  00000000 00000000 00000000 00000000
0000009e88f0  00000000 00000000 00000000 00000000
0000009e8900  00000000 00000000 00000021 00000000
0000009e8910  c8780e00 00007fc7 c8780e98 00007fc7
0000009e8920  00000000 00000000 00000021 00000000
0000009e8930  69746361 31206e6f 65757120 00006575
0000009e8940  00000000 00000000 00000031 00000000
0000009e8950  00000000 00000000 00000000 00000000
0000009e8960  00000000 00000000 00000000 00000000
0000009e8970  00000000 00000000 00000091 00000000
0000009e8980  009e8f70 00000000 00000000 00000000
0000009e8990  00000000 00000000 00000000 00000000
0000009e89a0  ffffffff ffffff00 ff00ffff ffffffff
0000009e89b0  ffffffff ffffffff 000000ff 00000000
0000009e89c0  00000000 00000000 00000001 00000000
0000009e89d0  0042d480 00000000 00000000 00000000
0000009e89e0  00000000 00000000 00000000 00000000
0000009e89f0  009e8520 00000000 009e8520 00000000
0000009e8a00  00000000 00000000 00000131 00000000
0000009e8a10  7261762f 676f6c2f 7379732f 00676f6c
0000009e8a20  00000000 00000000 00000000 00000000
0000009e8a30  00000000 00000000 00000000 00000000
0000009e8a40  00000000 00000000 00000000 00000000
0000009e8a50  00000000 00000000 00000000 00000000
0000009e8a60  00000000 00000000 00000000 00000000
0000009e8a70  00000000 00000000 00000000 00000000
0000009e8a80  00000000 00000000 00000000 00000000
0000009e8a90  00000000 00000000 00000000 00000000
0000009e8aa0  00000000 00000000 00000000 00000000
0000009e8ab0  00000000 00000000 00000000 00000000
0000009e8ac0  00000000 00000000 00000000 00000000
0000009e8ad0  00000000 00000000 00000005 00000000
0000009e8ae0  00000000 000001a0 000001ed 00000001
0000009e8af0  00000000 00000065 ffffffff 00000004
0000009e8b00  ffffffff 00000001 00000000 00000000
0000009e8b10  00000000 00000000 00000000 00000000
0000009e8b20  00000000 00000000 00000000 00000000
0000009e8b30  00000000 00000000 00000021 00000000
0000009e8b40  00000000 00000000 00000000 00000000
0000009e8b50  009e9150 00000000 000000d1 00000000
0000009e8b60  531f772c 00000000 ffffffff ffffffff
0000009e8b70  00000000 00000000 00000000 00000000
0000009e8b80  00000001 00000000 00000000 00000000
0000009e8b90  0000001e 00000000 00000000 00000000
0000009e8ba0  00000000 00000000 531f750b 00000000
0000009e8bb0  009da200 00000000 009e8a10 00000000
0000009e8bc0  00010000 00000000 00000000 00000000
0000009e8bd0  00000001 00000000 009e8c60 00000000
0000009e8be0  00a04250 00000000 009e8c80 00000000
0000009e8bf0  009e8c30 00000000 00000000 00000000
0000009e8c00  00000000 00000000 00000000 00000000
0000009e8c10  00000000 00000000 00000000 00000000
0000009e8c20  00000000 00000000 00000031 00000000
0000009e8c30  00000000 00000000 00000000 00000000
0000009e8c40  00000000 00000000 00000000 00000000
0000009e8c50  00000000 00000000 00000021 00000000
0000009e8c60  009e1790 00000000 00000000 00000000
0000009e8c70  00000000 00000000 00000281 00000000
0000009e8c80  009d7620 00000000 009e8f20 00000000
0000009e8c90  00000003 00000001 00000000 00000001
0000009e8ca0  00000000 00000000 00000000 000003e8
0000009e8cb0  00000001 00000000 00000064 00000000
0000009e8cc0  00000000 00000000 00000000 00000000
0000009e8cd0  009e8b60 00000000 00000000 00000000
0000009e8ce0  00000320 000000c8 00002648 000003ca
0000009e8cf0  000002bc 00000008 00000000 00000000
0000009e8d00  000003e8 0000ea60 000007d0 00000000
0000009e8d10  00000000 00000019 0042d880 00000000
0000009e8d20  00427ff0 00000000 00428000 00000000
0000009e8d30  00428010 00000000 00428020 00000000
0000009e8d40  00000000 00000000 00000000 00000000
0000009e8d50  00000000 00000000 00000000 00000000
0000009e8d60  00000000 00000000 009e8f40 00000000
0000009e8d70  00000000 00000000 00000000 00000000
0000009e8d80  00000000 00000000 00000000 00000000
0000009e8d90  00000000 00000000 00000000 00000000
0000009e8da0  00000000 00000000 00000000 00000000
0000009e8db0  00000000 00000000 00000000 00000000
0000009e8dc0  00000000 00000000 00000000 00000000
0000009e8dd0  00000000 00000000 00000000 00000000
0000009e8de0  00000000 00000000 00000000 00000000
0000009e8df0  00000000 00000000 00000000 00000000
0000009e8e00  00000000 00000000 00000000 00000000
0000009e8e10  00000000 00000000 00000000 00000000
0000009e8e20  00000000 00000000 00000000 00000000
0000009e8e30  00000000 00000000 00000000 00000000
0000009e8e40  00000000 00000000 00000000 00000000
0000009e8e50  00000000 00000000 00000000 00000000
0000009e8e60  00000000 00000000 009e8f00 00000000
0000009e8e70  00000000 00000000 00000000 00000000
0000009e8e80  00000000 00000000 00000000 00000000
0000009e8e90  00100000 00000000 00000000 00000000
0000009e8ea0  00000000 00000000 00000000 00000000
0000009e8eb0  00000000 00000000 00000000 00000000
0000009e8ec0  00000000 00000000 00000000 00000000
0000009e8ed0  00000000 00000000 00000000 00000000
0000009e8ee0  00000000 00000000 00000000 00000000
0000009e8ef0  00000000 00000000 00000021 00000000
0000009e8f00  c8780e00 00007fc7 c8780e98 00007fc7
0000009e8f10  00000000 00000000 00000021 00000000
0000009e8f20  69746361 32206e6f 65757120 00006575
0000009e8f30  00000000 00000000 00000031 00000000
0000009e8f40  00000000 00000000 00000000 00000000
0000009e8f50  00000000 00000000 00000000 00000000
0000009e8f60  00000000 00000000 00000091 00000000
0000009e8f70  009e9560 00000000 00000000 00000000
0000009e8f80  00000000 00000000 00000000 00000000
0000009e8f90  ff000000 00000000 00000000 00000000
0000009e8fa0  00000000 00000000 00000000 00000000
0000009e8fb0  00000000 00000000 00000001 00000000
0000009e8fc0  0042d480 00000000 00000000 00000000
0000009e8fd0  00000000 00000000 00000000 00000000
0000009e8fe0  009e8b40 00000000 009e8b40 00000000
0000009e8ff0  00000000 00000000 00000131 00000000
