
0000009e9000  7261762f 676f6c2f 6561642f 2e6e6f6d
0000009e9010  00676f6c 00000000 00000000 00000000
0000009e9020  00000000 00000000 00000000 00000000
0000009e9030  00000000 00000000 00000000 00000000
0000009e9040  00000000 00000000 00000000 00000000
0000009e9050  00000000 00000000 00000000 00000000
0000009e9060  00000000 00000000 00000000 00000000
0000009e9070  00000000 00000000 00000000 00000000
0000009e9080  00000000 00000000 00000000 00000000
0000009e9090  00000000 00000000 00000000 00000000
0000009e90a0  00000000 00000000 00000000 00000000
0000009e90b0  00000000 00000000 00000000 00000000
0000009e90c0  00000000 00000000 0000ffff 00000000
0000009e90d0  00000000 000001a0 000001ed 00000001
0000009e90e0  00000000 00000065 ffffffff 00000004
0000009e90f0  ffffffff 00000001 00000000 00000000
0000009e9100  00000000 00000000 00000000 00000000
0000009e9110  00000000 00000000 00000000 00000000
0000009e9120  00000000 00000000 00000021 00000000
0000009e9130  00000000 00000000 00000000 00000000
0000009e9140  009e9740 00000000 000000d1 00000000
0000009e9150  531f772c 00000000 531f772c 00000000
0000009e9160  00000000 00000000 00000000 00000000
0000009e9170  00010001 00000000 531f774a 00000000
0000009e9180  0000001e 00000000 00000000 00000000
0000009e9190  00000000 00000000 531f750b 00000000
0000009e91a0  009da200 00000000 009e9000 00000000
0000009e91b0  00010000 00000000 00000000 00000000
0000009e91c0  00000001 00000000 009e9250 00000000
0000009e91d0  00a045a0 00000000 009e9270 00000000
0000009e91e0  009e9220 00000000 00000000 00000000
0000009e91f0  00000000 00000000 00000000 00000000
0000009e9200  00000000 00000000 00000000 00000000
0000009e9210  00000000 00000000 00000031 00000000
0000009e9220  00000000 00000000 00000000 00000000
0000009e9230  00000000 00000000 00000000 00000000
0000009e9240  00000000 00000000 00000021 00000000
0000009e9250  009e1790 00000000 00000000 00000000
0000009e9260  00000000 00000000 00000281 00000000
0000009e9270  009d7620 00000000 009e9510 00000000
0000009e9280  00000003 00000001 00000000 00000001
0000009e9290  00000000 00000000 00000000 000003e8
0000009e92a0  00000001 00000000 00000064 00000000
0000009e92b0  00000000 00000000 00000000 00000000
0000009e92c0  009e9150 00000000 00000000 00000000
0000009e92d0  00000320 000000c8 00002648 000003ca
0000009e92e0  000002bc 00000008 00000000 00000000
0000009e92f0  000003e8 0000ea60 000007d0 00000000
0000009e9300  00000000 00000019 0042d880 00000000
0000009e9310  00427ff0 00000000 00428000 00000000
0000009e9320  00428010 00000000 00428020 00000000
0000009e9330  00000000 00000000 00000000 00000000
0000009e9340  00000000 00000000 00000000 00000000
0000009e9350  00000000 00000000 009e9530 00000000
0000009e9360  00000000 00000000 00000000 00000000
0000009e9370  00000000 00000000 00000000 00000000
0000009e9380  00000000 00000000 00000000 00000000
0000009e9390  00000000 00000000 00000000 00000000
0000009e93a0  00000000 00000000 00000000 00000000
0000009e93b0  00000000 00000000 00000000 00000000
0000009e93c0  00000000 00000000 00000000 00000000
0000009e93d0  00000000 00000000 00000000 00000000
0000009e93e0  00000000 00000000 00000000 00000000
0000009e93f0  00000000 00000000 00000000 00000000
0000009e9400  00000000 00000000 00000000 00000000
0000009e9410  00000000 00000000 00000000 00000000
0000009e9420  00000000 00000000 00000000 00000000
0000009e9430  00000000 00000000 00000000 00000000
0000009e9440  00000000 00000000 00000000 00000000
0000009e9450  00000000 00000000 009e94f0 00000000
0000009e9460  00000000 00000000 00000000 00000000
0000009e9470  00000000 00000000 00000000 00000000
0000009e9480  00100000 00000000 00000000 00000000
0000009e9490  00000000 00000000 00000000 00000000
0000009e94a0  00000000 00000000 00000000 00000000
0000009e94b0  00000000 00000000 00000000 00000000
0000009e94c0  00000000 00000000 00000000 00000000
0000009e94d0  00000000 00000000 00000000 00000000
0000009e94e0  00000000 00000000 00000021 00000000
0000009e94f0  c8780e00 00007fc7 c8780e98 00007fc7
0000009e9500  00000000 00000000 00000021 00000000
0000009e9510  69746361 33206e6f 65757120 00006575
0000009e9520  00000000 00000000 00000031 00000000
0000009e9530  00000000 00000000 00000000 00000000
0000009e9540  00000000 00000000 00000000 00000000
0000009e9550  00000000 00000000 00000091 00000000
0000009e9560  009e9b50 00000000 00000000 00000000
0000009e9570  00000000 00000000 00000000 00000000
0000009e9580  000000ff 00000000 00000000 00000000
0000009e9590  00000000 00000000 00000000 00000000
0000009e95a0  00000000 00000000 00000001 00000000
0000009e95b0  0042d480 00000000 00000000 00000000
0000009e95c0  00000000 00000000 00000000 00000000
0000009e95d0  009e9130 00000000 009e9130 00000000
0000009e95e0  00000000 00000000 00000131 00000000
0000009e95f0  7261762f 676f6c2f 72656b2f 6f6c2e6e
0000009e9600  00000067 00000000 00000000 00000000
0000009e9610  00000000 00000000 00000000 00000000
0000009e9620  00000000 00000000 00000000 00000000
0000009e9630  00000000 00000000 00000000 00000000
0000009e9640  00000000 00000000 00000000 00000000
0000009e9650  00000000 00000000 00000000 00000000
0000009e9660  00000000 00000000 00000000 00000000
0000009e9670  00000000 00000000 00000000 00000000
0000009e9680  00000000 00000000 00000000 00000000
0000009e9690  00000000 00000000 00000000 00000000
0000009e96a0  00000000 00000000 00000000 00000000
0000009e96b0  00000000 00000000 00000007 00000000
0000009e96c0  00000000 000001a0 000001ed 00000001
0000009e96d0  00000000 00000065 ffffffff 00000004
0000009e96e0  ffffffff 00000001 00000000 00000000
0000009e96f0  00000000 00000000 00000000 00000000
0000009e9700  00000000 00000000 00000000 00000000
0000009e9710  00000000 00000000 00000021 00000000
0000009e9720  00000000 00000000 00000000 00000000
0000009e9730  009e9d30 00000000 000000d1 00000000
0000009e9740  531f750b 00000000 ffffffff ffffffff
0000009e9750  00000000 00000000 00000000 00000000
0000009e9760  00000001 00000000 00000000 00000000
0000009e9770  0000001e 00000000 00000000 00000000
0000009e9780  00000000 00000000 531f750b 00000000
0000009e9790  009da200 00000000 009e95f0 00000000
0000009e97a0  00010000 00000000 00000000 00000000
0000009e97b0  00000001 00000000 009e9840 00000000
0000009e97c0  009eef30 00000000 009e9860 00000000
0000009e97d0  009e9810 00000000 00000000 00000000
0000009e97e0  00000000 00000000 00000000 00000000
0000009e97f0  00000000 00000000 00000000 00000000
0000009e9800  00000000 00000000 00000031 00000000
0000009e9810  00000000 00000000 00000000 00000000
0000009e9820  00000000 00000000 00000000 00000000
0000009e9830  00000000 00000000 00000021 00000000
0000009e9840  009e1790 00000000 00000000 00000000
0000009e9850  00000000 00000000 00000281 00000000
0000009e9860  009d7620 00000000 009e9b00 00000000
0000009e9870  00000003 00000001 00000000 00000001
0000009e9880  00000000 00000000 00000000 000003e8
0000009e9890  00000001 00000000 00000064 00000000
0000009e98a0  00000000 00000000 00000000 00000000
0000009e98b0  009e9740 00000000 00000000 00000000
0000009e98c0  00000320 000000c8 00002648 000003ca
0000009e98d0  000002bc 00000008 00000000 00000000
0000009e98e0  000003e8 0000ea60 000007d0 00000000
0000009e98f0  00000000 00000019 0042d880 00000000
0000009e9900  00427ff0 00000000 00428000 00000000
0000009e9910  00428010 00000000 00428020 00000000
0000009e9920  00000000 00000000 00000000 00000000
0000009e9930  00000000 00000000 00000000 00000000
0000009e9940  00000000 00000000 009e9b20 00000000
0000009e9950  00000000 00000000 00000000 00000000
0000009e9960  00000000 00000000 00000000 00000000
0000009e9970  00000000 00000000 00000000 00000000
0000009e9980  00000000 00000000 00000000 00000000
0000009e9990  00000000 00000000 00000000 00000000
0000009e99a0  00000000 00000000 00000000 00000000
0000009e99b0  00000000 00000000 00000000 00000000
0000009e99c0  00000000 00000000 00000000 00000000
0000009e99d0  00000000 00000000 00000000 00000000
0000009e99e0  00000000 00000000 00000000 00000000
0000009e99f0  00000000 00000000 00000000 00000000
0000009e9a00  00000000 00000000 00000000 00000000
0000009e9a10  00000000 00000000 00000000 00000000
0000009e9a20  00000000 00000000 00000000 00000000
0000009e9a30  00000000 00000000 00000000 00000000
0000009e9a40  00000000 00000000 009e9ae0 00000000
0000009e9a50  00000000 00000000 00000000 00000000
0000009e9a60  00000000 00000000 00000000 00000000
0000009e9a70  00100000 00000000 00000000 00000000
0000009e9a80  00000000 00000000 00000000 00000000
0000009e9a90  00000000 00000000 00000000 00000000
0000009e9aa0  00000000 00000000 00000000 00000000
0000009e9ab0  00000000 00000000 00000000 00000000
0000009e9ac0  00000000 00000000 00000000 00000000
0000009e9ad0  00000000 00000000 00000021 00000000
0000009e9ae0  c8780e00 00007fc7 c8780e98 00007fc7
0000009e9af0  00000000 00000000 00000021 00000000
0000009e9b00  69746361 34206e6f 65757120 00006575
0000009e9b10  00000000 00000000 00000031 00000000
0000009e9b20  00000000 00000000 00000000 00000000
0000009e9b30  00000000 00000000 00000000 00000000
0000009e9b40  00000000 00000000 00000091 00000000
0000009e9b50  009ea140 00000000 00000000 00000000
0000009e9b60  00000000 00000000 00000000 00000000
0000009e9b70  00000000 00ff0000 00000000 00000000
0000009e9b80  00000000 00000000 00000000 00000000
0000009e9b90  00000000 00000000 00000001 00000000
0000009e9ba0  0042d480 00000000 00000000 00000000
0000009e9bb0  00000000 00000000 00000000 00000000
0000009e9bc0  009e9720 00000000 009e9720 00000000
0000009e9bd0  00000000 00000000 00000131 00000000
0000009e9be0  7261762f 676f6c2f 72706c2f 676f6c2e
0000009e9bf0  00000000 00000000 00000000 00000000
0000009e9c00  00000000 00000000 00000000 00000000
0000009e9c10  00000000 00000000 00000000 00000000
0000009e9c20  00000000 00000000 00000000 00000000
0000009e9c30  00000000 00000000 00000000 00000000
0000009e9c40  00000000 00000000 00000000 00000000
0000009e9c50  00000000 00000000 00000000 00000000
0000009e9c60  00000000 00000000 00000000 00000000
0000009e9c70  00000000 00000000 00000000 00000000
0000009e9c80  00000000 00000000 00000000 00000000
0000009e9c90  00000000 00000000 00000000 00000000
0000009e9ca0  00000000 00000000 00000008 00000000
0000009e9cb0  00000000 000001a0 000001ed 00000001
0000009e9cc0  00000000 00000065 ffffffff 00000004
0000009e9cd0  ffffffff 00000001 00000000 00000000
0000009e9ce0  00000000 00000000 00000000 00000000
0000009e9cf0  00000000 00000000 00000000 00000000
0000009e9d00  00000000 00000000 00000021 00000000
0000009e9d10  00000000 00000000 00000000 00000000
0000009e9d20  009ea320 00000000 000000d1 00000000
0000009e9d30  00000000 00000000 00000000 00000000
0000009e9d40  00000000 00000000 00000000 00000000
0000009e9d50  00000001 00000000 00000000 00000000
0000009e9d60  0000001e 00000000 00000000 00000000
0000009e9d70  00000000 00000000 531f750b 00000000
0000009e9d80  009da200 00000000 009e9be0 00000000
0000009e9d90  00010000 00000000 00000000 00000000
0000009e9da0  00000001 00000000 009e9e30 00000000
0000009e9db0  00000000 00000000 009e9e50 00000000
0000009e9dc0  009e9e00 00000000 00000000 00000000
0000009e9dd0  00000000 00000000 00000000 00000000
0000009e9de0  00000000 00000000 00000000 00000000
0000009e9df0  00000000 00000000 00000031 00000000
0000009e9e00  00000000 00000000 00000000 00000000
0000009e9e10  00000000 00000000 00000000 00000000
0000009e9e20  00000000 00000000 00000021 00000000
0000009e9e30  009e1790 00000000 00000000 00000000
0000009e9e40  00000000 00000000 00000281 00000000
0000009e9e50  009d7620 00000000 009ea0f0 00000000
0000009e9e60  00000003 00000001 00000000 00000001
0000009e9e70  00000000 00000000 00000000 000003e8
0000009e9e80  00000001 00000000 00000064 00000000
0000009e9e90  00000000 00000000 00000000 00000000
0000009e9ea0  009e9d30 00000000 00000000 00000000
0000009e9eb0  00000320 000000c8 00002648 000003ca
0000009e9ec0  000002bc 00000008 00000000 00000000
0000009e9ed0  000003e8 0000ea60 000007d0 00000000
0000009e9ee0  00000000 00000019 0042d880 00000000
0000009e9ef0  00427ff0 00000000 00428000 00000000
0000009e9f00  00428010 00000000 00428020 00000000
0000009e9f10  00000000 00000000 00000000 00000000
0000009e9f20  00000000 00000000 00000000 00000000
0000009e9f30  00000000 00000000 009ea110 00000000
0000009e9f40  00000000 00000000 00000000 00000000
0000009e9f50  00000000 00000000 00000000 00000000
0000009e9f60  00000000 00000000 00000000 00000000
0000009e9f70  00000000 00000000 00000000 00000000
0000009e9f80  00000000 00000000 00000000 00000000
0000009e9f90  00000000 00000000 00000000 00000000
0000009e9fa0  00000000 00000000 00000000 00000000
0000009e9fb0  00000000 00000000 00000000 00000000
0000009e9fc0  00000000 00000000 00000000 00000000
0000009e9fd0  00000000 00000000 00000000 00000000
0000009e9fe0  00000000 00000000 00000000 00000000
0000009e9ff0  00000000 00000000 00000000 00000000
