
0000009ea000  00000000 00000000 00000000 00000000
0000009ea010  00000000 00000000 00000000 00000000
0000009ea020  00000000 00000000 00000000 00000000
0000009ea030  00000000 00000000 009ea0d0 00000000
0000009ea040  00000000 00000000 00000000 00000000
0000009ea050  00000000 00000000 00000000 00000000
0000009ea060  00100000 00000000 00000000 00000000
0000009ea070  00000000 00000000 00000000 00000000
0000009ea080  00000000 00000000 00000000 00000000
0000009ea090  00000000 00000000 00000000 00000000
0000009ea0a0  00000000 00000000 00000000 00000000
0000009ea0b0  00000000 00000000 00000000 00000000
0000009ea0c0  00000000 00000000 00000021 00000000
0000009ea0d0  c8780e00 00007fc7 c8780e98 00007fc7
0000009ea0e0  00000000 00000000 00000021 00000000
0000009ea0f0  69746361 35206e6f 65757120 00006575
0000009ea100  00000000 00000000 00000031 00000000
0000009ea110  00000000 00000000 00000000 00000000
0000009ea120  00000000 00000000 00000000 00000000
0000009ea130  00000000 00000000 00000091 00000000
0000009ea140  009ea730 00000000 00000000 00000000
0000009ea150  00000000 00000000 00000000 00000000
0000009ea160  00ff0000 00000000 00000000 00000000
0000009ea170  00000000 00000000 00000000 00000000
0000009ea180  00000000 00000000 00000001 00000000
0000009ea190  0042d480 00000000 00000000 00000000
0000009ea1a0  00000000 00000000 00000000 00000000
0000009ea1b0  009e9d10 00000000 009e9d10 00000000
0000009ea1c0  00000000 00000000 00000131 00000000
0000009ea1d0  7261762f 676f6c2f 69616d2f 6f6c2e6c
0000009ea1e0  00000067 00000000 00000000 00000000
0000009ea1f0  00000000 00000000 00000000 00000000
0000009ea200  00000000 00000000 00000000 00000000
0000009ea210  00000000 00000000 00000000 00000000
0000009ea220  00000000 00000000 00000000 00000000
0000009ea230  00000000 00000000 00000000 00000000
0000009ea240  00000000 00000000 00000000 00000000
0000009ea250  00000000 00000000 00000000 00000000
0000009ea260  00000000 00000000 00000000 00000000
0000009ea270  00000000 00000000 00000000 00000000
0000009ea280  00000000 00000000 00000000 00000000
0000009ea290  00000000 00000000 00000009 00000000
0000009ea2a0  00000000 000001a0 000001ed 00000001
0000009ea2b0  00000000 00000065 ffffffff 00000004
0000009ea2c0  ffffffff 00000001 00000000 00000000
0000009ea2d0  00000000 00000000 00000000 00000000
0000009ea2e0  00000000 00000000 00000000 00000000
0000009ea2f0  00000000 00000000 00000021 00000000
0000009ea300  00000000 00000000 00000000 00000000
0000009ea310  009ea910 00000000 000000d1 00000000
0000009ea320  00000000 00000000 00000000 00000000
0000009ea330  00000000 00000000 00000000 00000000
0000009ea340  00000001 00000000 00000000 00000000
0000009ea350  0000001e 00000000 00000000 00000000
0000009ea360  00000000 00000000 531f750b 00000000
0000009ea370  009da200 00000000 009ea1d0 00000000
0000009ea380  00010000 00000000 00000000 00000000
0000009ea390  00000001 00000000 009ea420 00000000
0000009ea3a0  00000000 00000000 009ea440 00000000
0000009ea3b0  009ea3f0 00000000 00000000 00000000
0000009ea3c0  00000000 00000000 00000000 00000000
0000009ea3d0  00000000 00000000 00000000 00000000
0000009ea3e0  00000000 00000000 00000031 00000000
0000009ea3f0  00000000 00000000 00000000 00000000
0000009ea400  00000000 00000000 00000000 00000000
0000009ea410  00000000 00000000 00000021 00000000
0000009ea420  009e1790 00000000 00000000 00000000
0000009ea430  00000000 00000000 00000281 00000000
0000009ea440  009d7620 00000000 009ea6e0 00000000
0000009ea450  00000003 00000001 00000000 00000001
0000009ea460  00000000 00000000 00000000 000003e8
0000009ea470  00000001 00000000 00000064 00000000
0000009ea480  00000000 00000000 00000000 00000000
0000009ea490  009ea320 00000000 00000000 00000000
0000009ea4a0  00000320 000000c8 00002648 000003ca
0000009ea4b0  000002bc 00000008 00000000 00000000
0000009ea4c0  000003e8 0000ea60 000007d0 00000000
0000009ea4d0  00000000 00000019 0042d880 00000000
0000009ea4e0  00427ff0 00000000 00428000 00000000
0000009ea4f0  00428010 00000000 00428020 00000000
0000009ea500  00000000 00000000 00000000 00000000
0000009ea510  00000000 00000000 00000000 00000000
0000009ea520  00000000 00000000 009ea700 00000000
0000009ea530  00000000 00000000 00000000 00000000
0000009ea540  00000000 00000000 00000000 00000000
0000009ea550  00000000 00000000 00000000 00000000
0000009ea560  00000000 00000000 00000000 00000000
0000009ea570  00000000 00000000 00000000 00000000
0000009ea580  00000000 00000000 00000000 00000000
0000009ea590  00000000 00000000 00000000 00000000
0000009ea5a0  00000000 00000000 00000000 00000000
0000009ea5b0  00000000 00000000 00000000 00000000
0000009ea5c0  00000000 00000000 00000000 00000000
0000009ea5d0  00000000 00000000 00000000 00000000
0000009ea5e0  00000000 00000000 00000000 00000000
0000009ea5f0  00000000 00000000 00000000 00000000
0000009ea600  00000000 00000000 00000000 00000000
0000009ea610  00000000 00000000 00000000 00000000
0000009ea620  00000000 00000000 009ea6c0 00000000
0000009ea630  00000000 00000000 00000000 00000000
0000009ea640  00000000 00000000 00000000 00000000
0000009ea650  00100000 00000000 00000000 00000000
0000009ea660  00000000 00000000 00000000 00000000
0000009ea670  00000000 00000000 00000000 00000000
0000009ea680  00000000 00000000 00000000 00000000
0000009ea690  00000000 00000000 00000000 00000000
0000009ea6a0  00000000 00000000 00000000 00000000
0000009ea6b0  00000000 00000000 00000021 00000000
0000009ea6c0  c8780e00 00007fc7 c8780e98 00007fc7
0000009ea6d0  00000000 00000000 00000021 00000000
0000009ea6e0  69746361 36206e6f 65757120 00006575
0000009ea6f0  00000000 00000000 00000031 00000000
0000009ea700  00000000 00000000 00000000 00000000
0000009ea710  00000000 00000000 00000000 00000000
0000009ea720  00000000 00000000 00000091 00000000
0000009ea730  009ead20 00000000 00000000 00000000
0000009ea740  00000000 00000000 00000000 00000000
0000009ea750  0000ff00 00000000 00000000 00000000
0000009ea760  00000000 00000000 00000000 00000000
0000009ea770  00000000 00000000 00000001 00000000
0000009ea780  0042d480 00000000 00000000 00000000
0000009ea790  00000000 00000000 00000000 00000000
0000009ea7a0  009ea300 00000000 009ea300 00000000
0000009ea7b0  00000000 00000000 00000131 00000000
0000009ea7c0  7261762f 676f6c2f 6573752f 6f6c2e72
0000009ea7d0  00000067 00000000 00000000 00000000
0000009ea7e0  00000000 00000000 00000000 00000000
0000009ea7f0  00000000 00000000 00000000 00000000
0000009ea800  00000000 00000000 00000000 00000000
0000009ea810  00000000 00000000 00000000 00000000
0000009ea820  00000000 00000000 00000000 00000000
0000009ea830  00000000 00000000 00000000 00000000
0000009ea840  00000000 00000000 00000000 00000000
0000009ea850  00000000 00000000 00000000 00000000
0000009ea860  00000000 00000000 00000000 00000000
0000009ea870  00000000 00000000 00000000 00000000
0000009ea880  00000000 00000000 0000ffff 00000000
0000009ea890  00000000 000001a0 000001ed 00000001
0000009ea8a0  00000000 00000065 ffffffff 00000004
0000009ea8b0  ffffffff 00000001 00000000 00000000
0000009ea8c0  00000000 00000000 00000000 00000000
0000009ea8d0  00000000 00000000 00000000 00000000
0000009ea8e0  00000000 00000000 00000021 00000000
0000009ea8f0  00000000 00000000 00000000 00000000
0000009ea900  009eaf00 00000000 000000d1 00000000
0000009ea910  531f7709 00000000 531f7709 00000000
0000009ea920  00000000 00000000 00000000 00000000
0000009ea930  00010001 00000000 531f7727 00000000
0000009ea940  0000001e 00000000 00000000 00000000
0000009ea950  00000000 00000000 531f750b 00000000
0000009ea960  009da200 00000000 009ea7c0 00000000
0000009ea970  00010000 00000000 00000000 00000000
0000009ea980  00000001 00000000 009eaa10 00000000
0000009ea990  009ee400 00000000 009eaa30 00000000
0000009ea9a0  009ea9e0 00000000 00000000 00000000
0000009ea9b0  00000000 00000000 00000000 00000000
0000009ea9c0  00000000 00000000 00000000 00000000
0000009ea9d0  00000000 00000000 00000031 00000000
0000009ea9e0  00000000 00000000 00000000 00000000
0000009ea9f0  00000000 00000000 00000000 00000000
0000009eaa00  00000000 00000000 00000021 00000000
0000009eaa10  009e1790 00000000 00000000 00000000
0000009eaa20  00000000 00000000 00000281 00000000
0000009eaa30  009d7620 00000000 009eacd0 00000000
0000009eaa40  00000003 00000001 00000000 00000001
0000009eaa50  00000000 00000000 00000000 000003e8
0000009eaa60  00000001 00000000 00000064 00000000
0000009eaa70  00000000 00000000 00000000 00000000
0000009eaa80  009ea910 00000000 00000000 00000000
0000009eaa90  00000320 000000c8 00002648 000003ca
0000009eaaa0  000002bc 00000008 00000000 00000000
0000009eaab0  000003e8 0000ea60 000007d0 00000000
0000009eaac0  00000000 00000019 0042d880 00000000
0000009eaad0  00427ff0 00000000 00428000 00000000
0000009eaae0  00428010 00000000 00428020 00000000
0000009eaaf0  00000000 00000000 00000000 00000000
0000009eab00  00000000 00000000 00000000 00000000
0000009eab10  00000000 00000000 009eacf0 00000000
0000009eab20  00000000 00000000 00000000 00000000
0000009eab30  00000000 00000000 00000000 00000000
0000009eab40  00000000 00000000 00000000 00000000
0000009eab50  00000000 00000000 00000000 00000000
0000009eab60  00000000 00000000 00000000 00000000
0000009eab70  00000000 00000000 00000000 00000000
0000009eab80  00000000 00000000 00000000 00000000
0000009eab90  00000000 00000000 00000000 00000000
0000009eaba0  00000000 00000000 00000000 00000000
0000009eabb0  00000000 00000000 00000000 00000000
0000009eabc0  00000000 00000000 00000000 00000000
0000009eabd0  00000000 00000000 00000000 00000000
0000009eabe0  00000000 00000000 00000000 00000000
0000009eabf0  00000000 00000000 00000000 00000000
0000009eac00  00000000 00000000 00000000 00000000
0000009eac10  00000000 00000000 009eacb0 00000000
0000009eac20  00000000 00000000 00000000 00000000
0000009eac30  00000000 00000000 00000000 00000000
0000009eac40  00100000 00000000 00000000 00000000
0000009eac50  00000000 00000000 00000000 00000000
0000009eac60  00000000 00000000 00000000 00000000
0000009eac70  00000000 00000000 00000000 00000000
0000009eac80  00000000 00000000 00000000 00000000
0000009eac90  00000000 00000000 00000000 00000000
0000009eaca0  00000000 00000000 00000021 00000000
0000009eacb0  c8780e00 00007fc7 c8780e98 00007fc7
0000009eacc0  00000000 00000000 00000021 00000000
0000009eacd0  69746361 37206e6f 65757120 00006575
0000009eace0  00000000 00000000 00000031 00000000
0000009eacf0  00000000 00000000 00000000 00000000
0000009ead00  00000000 00000000 00000000 00000000
0000009ead10  00000000 00000000 00000091 00000000
0000009ead20  009eb310 00000000 00000000 00000000
0000009ead30  00000000 00000000 00000000 00000000
0000009ead40  007f0000 00000000 00000000 00000000
0000009ead50  00000000 00000000 00000000 00000000
0000009ead60  00000000 00000000 00000001 00000000
0000009ead70  0042d480 00000000 00000000 00000000
0000009ead80  00000000 00000000 00000000 00000000
0000009ead90  009ea8f0 00000000 009ea8f0 00000000
0000009eada0  00000000 00000000 00000131 00000000
0000009eadb0  7261762f 676f6c2f 69616d2f 6e692e6c
0000009eadc0  00006f66 00000000 00000000 00000000
0000009eadd0  00000000 00000000 00000000 00000000
0000009eade0  00000000 00000000 00000000 00000000
0000009eadf0  00000000 00000000 00000000 00000000
0000009eae00  00000000 00000000 00000000 00000000
0000009eae10  00000000 00000000 00000000 00000000
0000009eae20  00000000 00000000 00000000 00000000
0000009eae30  00000000 00000000 00000000 00000000
0000009eae40  00000000 00000000 00000000 00000000
0000009eae50  00000000 00000000 00000000 00000000
0000009eae60  00000000 00000000 00000000 00000000
0000009eae70  00000000 00000000 0000000b 00000000
0000009eae80  00000000 000001a0 000001ed 00000001
0000009eae90  00000000 00000065 ffffffff 00000004
0000009eaea0  ffffffff 00000001 00000000 00000000
0000009eaeb0  00000000 00000000 00000000 00000000
0000009eaec0  00000000 00000000 00000000 00000000
0000009eaed0  00000000 00000000 00000021 00000000
0000009eaee0  00000000 00000000 00000000 00000000
0000009eaef0  009eb4f0 00000000 000000d1 00000000
0000009eaf00  00000000 00000000 00000000 00000000
0000009eaf10  00000000 00000000 00000000 00000000
0000009eaf20  00000001 00000000 00000000 00000000
0000009eaf30  0000001e 00000000 00000000 00000000
0000009eaf40  00000000 00000000 531f750b 00000000
0000009eaf50  009da200 00000000 009eadb0 00000000
0000009eaf60  00010000 00000000 00000000 00000000
0000009eaf70  00000001 00000000 009eb000 00000000
0000009eaf80  00000000 00000000 009eb020 00000000
0000009eaf90  009eafd0 00000000 00000000 00000000
0000009eafa0  00000000 00000000 00000000 00000000
0000009eafb0  00000000 00000000 00000000 00000000
0000009eafc0  00000000 00000000 00000031 00000000
0000009eafd0  00000000 00000000 00000000 00000000
0000009eafe0  00000000 00000000 00000000 00000000
0000009eaff0  00000000 00000000 00000021 00000000
