
0000009eb000  009e1790 00000000 00000000 00000000
0000009eb010  00000000 00000000 00000281 00000000
0000009eb020  009d7620 00000000 009eb2c0 00000000
0000009eb030  00000003 00000001 00000000 00000001
0000009eb040  00000000 00000000 00000000 000003e8
0000009eb050  00000001 00000000 00000064 00000000
0000009eb060  00000000 00000000 00000000 00000000
0000009eb070  009eaf00 00000000 00000000 00000000
0000009eb080  00000320 000000c8 00002648 000003ca
0000009eb090  000002bc 00000008 00000000 00000000
0000009eb0a0  000003e8 0000ea60 000007d0 00000000
0000009eb0b0  00000000 00000019 0042d880 00000000
0000009eb0c0  00427ff0 00000000 00428000 00000000
0000009eb0d0  00428010 00000000 00428020 00000000
0000009eb0e0  00000000 00000000 00000000 00000000
0000009eb0f0  00000000 00000000 00000000 00000000
0000009eb100  00000000 00000000 009eb2e0 00000000
0000009eb110  00000000 00000000 00000000 00000000
0000009eb120  00000000 00000000 00000000 00000000
0000009eb130  00000000 00000000 00000000 00000000
0000009eb140  00000000 00000000 00000000 00000000
0000009eb150  00000000 00000000 00000000 00000000
0000009eb160  00000000 00000000 00000000 00000000
0000009eb170  00000000 00000000 00000000 00000000
0000009eb180  00000000 00000000 00000000 00000000
0000009eb190  00000000 00000000 00000000 00000000
0000009eb1a0  00000000 00000000 00000000 00000000
0000009eb1b0  00000000 00000000 00000000 00000000
0000009eb1c0  00000000 00000000 00000000 00000000
0000009eb1d0  00000000 00000000 00000000 00000000
0000009eb1e0  00000000 00000000 00000000 00000000
0000009eb1f0  00000000 00000000 00000000 00000000
0000009eb200  00000000 00000000 009eb2a0 00000000
0000009eb210  00000000 00000000 00000000 00000000
0000009eb220  00000000 00000000 00000000 00000000
0000009eb230  00100000 00000000 00000000 00000000
0000009eb240  00000000 00000000 00000000 00000000
0000009eb250  00000000 00000000 00000000 00000000
0000009eb260  00000000 00000000 00000000 00000000
0000009eb270  00000000 00000000 00000000 00000000
0000009eb280  00000000 00000000 00000000 00000000
0000009eb290  00000000 00000000 00000021 00000000
0000009eb2a0  c8780e00 00007fc7 c8780e98 00007fc7
0000009eb2b0  00000000 00000000 00000021 00000000
0000009eb2c0  69746361 38206e6f 65757120 00006575
0000009eb2d0  00000000 00000000 00000031 00000000
0000009eb2e0  00000000 00000000 00000000 00000000
0000009eb2f0  00000000 00000000 00000000 00000000
0000009eb300  00000000 00000000 00000091 00000000
0000009eb310  009eb900 00000000 00000000 00000000
0000009eb320  00000000 00000000 00000000 00000000
0000009eb330  001f0000 00000000 00000000 00000000
0000009eb340  00000000 00000000 00000000 00000000
0000009eb350  00000000 00000000 00000001 00000000
0000009eb360  0042d480 00000000 00000000 00000000
0000009eb370  00000000 00000000 00000000 00000000
0000009eb380  009eaee0 00000000 009eaee0 00000000
0000009eb390  00000000 00000000 00000131 00000000
0000009eb3a0  7261762f 676f6c2f 69616d2f 61772e6c
0000009eb3b0  00006e72 00000000 00000000 00000000
0000009eb3c0  00000000 00000000 00000000 00000000
0000009eb3d0  00000000 00000000 00000000 00000000
0000009eb3e0  00000000 00000000 00000000 00000000
0000009eb3f0  00000000 00000000 00000000 00000000
0000009eb400  00000000 00000000 00000000 00000000
0000009eb410  00000000 00000000 00000000 00000000
0000009eb420  00000000 00000000 00000000 00000000
0000009eb430  00000000 00000000 00000000 00000000
0000009eb440  00000000 00000000 00000000 00000000
0000009eb450  00000000 00000000 00000000 00000000
0000009eb460  00000000 00000000 0000000c 00000000
0000009eb470  00000000 000001a0 000001ed 00000001
0000009eb480  00000000 00000065 ffffffff 00000004
0000009eb490  ffffffff 00000001 00000000 00000000
0000009eb4a0  00000000 00000000 00000000 00000000
0000009eb4b0  00000000 00000000 00000000 00000000
0000009eb4c0  00000000 00000000 00000021 00000000
0000009eb4d0  00000000 00000000 00000000 00000000
0000009eb4e0  009ebae0 00000000 000000d1 00000000
0000009eb4f0  00000000 00000000 00000000 00000000
0000009eb500  00000000 00000000 00000000 00000000
0000009eb510  00000001 00000000 00000000 00000000
0000009eb520  0000001e 00000000 00000000 00000000
0000009eb530  00000000 00000000 531f750b 00000000
0000009eb540  009da200 00000000 009eb3a0 00000000
0000009eb550  00010000 00000000 00000000 00000000
0000009eb560  00000001 00000000 009eb5f0 00000000
0000009eb570  00000000 00000000 009eb610 00000000
0000009eb580  009eb5c0 00000000 00000000 00000000
0000009eb590  00000000 00000000 00000000 00000000
0000009eb5a0  00000000 00000000 00000000 00000000
0000009eb5b0  00000000 00000000 00000031 00000000
0000009eb5c0  00000000 00000000 00000000 00000000
0000009eb5d0  00000000 00000000 00000000 00000000
0000009eb5e0  00000000 00000000 00000021 00000000
0000009eb5f0  009e1790 00000000 00000000 00000000
0000009eb600  00000000 00000000 00000281 00000000
0000009eb610  009d7620 00000000 009eb8b0 00000000
0000009eb620  00000003 00000001 00000000 00000001
0000009eb630  00000000 00000000 00000000 000003e8
0000009eb640  00000001 00000000 00000064 00000000
0000009eb650  00000000 00000000 00000000 00000000
0000009eb660  009eb4f0 00000000 00000000 00000000
0000009eb670  00000320 000000c8 00002648 000003ca
0000009eb680  000002bc 00000008 00000000 00000000
0000009eb690  000003e8 0000ea60 000007d0 00000000
0000009eb6a0  00000000 00000019 0042d880 00000000
0000009eb6b0  00427ff0 00000000 00428000 00000000
0000009eb6c0  00428010 00000000 00428020 00000000
0000009eb6d0  00000000 00000000 00000000 00000000
0000009eb6e0  00000000 00000000 00000000 00000000
0000009eb6f0  00000000 00000000 009eb8d0 00000000
0000009eb700  00000000 00000000 00000000 00000000
0000009eb710  00000000 00000000 00000000 00000000
0000009eb720  00000000 00000000 00000000 00000000
0000009eb730  00000000 00000000 00000000 00000000
0000009eb740  00000000 00000000 00000000 00000000
0000009eb750  00000000 00000000 00000000 00000000
0000009eb760  00000000 00000000 00000000 00000000
0000009eb770  00000000 00000000 00000000 00000000
0000009eb780  00000000 00000000 00000000 00000000
0000009eb790  00000000 00000000 00000000 00000000
0000009eb7a0  00000000 00000000 00000000 00000000
0000009eb7b0  00000000 00000000 00000000 00000000
0000009eb7c0  00000000 00000000 00000000 00000000
0000009eb7d0  00000000 00000000 00000000 00000000
0000009eb7e0  00000000 00000000 00000000 00000000
0000009eb7f0  00000000 00000000 009eb890 00000000
0000009eb800  00000000 00000000 00000000 00000000
0000009eb810  00000000 00000000 00000000 00000000
0000009eb820  00100000 00000000 00000000 00000000
0000009eb830  00000000 00000000 00000000 00000000
0000009eb840  00000000 00000000 00000000 00000000
0000009eb850  00000000 00000000 00000000 00000000
0000009eb860  00000000 00000000 00000000 00000000
0000009eb870  00000000 00000000 00000000 00000000
0000009eb880  00000000 00000000 00000021 00000000
0000009eb890  c8780e00 00007fc7 c8780e98 00007fc7
0000009eb8a0  00000000 00000000 00000021 00000000
0000009eb8b0  69746361 39206e6f 65757120 00006575
0000009eb8c0  00000000 00000000 00000031 00000000
0000009eb8d0  00000000 00000000 00000000 00000000
0000009eb8e0  00000000 00000000 00000000 00000000
0000009eb8f0  00000000 00000000 00000091 00000000
0000009eb900  009ebef0 00000000 00000000 00000000
0000009eb910  00000000 00000000 00000000 00000000
0000009eb920  000f0000 00000000 00000000 00000000
0000009eb930  00000000 00000000 00000000 00000000
0000009eb940  00000000 00000000 00000001 00000000
0000009eb950  0042d480 00000000 00000000 00000000
0000009eb960  00000000 00000000 00000000 00000000
0000009eb970  009eb4d0 00000000 009eb4d0 00000000
0000009eb980  00000000 00000000 00000131 00000000
0000009eb990  7261762f 676f6c2f 69616d2f 72652e6c
0000009eb9a0  00000072 00000000 00000000 00000000
0000009eb9b0  00000000 00000000 00000000 00000000
0000009eb9c0  00000000 00000000 00000000 00000000
0000009eb9d0  00000000 00000000 00000000 00000000
0000009eb9e0  00000000 00000000 00000000 00000000
0000009eb9f0  00000000 00000000 00000000 00000000
0000009eba00  00000000 00000000 00000000 00000000
0000009eba10  00000000 00000000 00000000 00000000
0000009eba20  00000000 00000000 00000000 00000000
0000009eba30  00000000 00000000 00000000 00000000
0000009eba40  00000000 00000000 00000000 00000000
0000009eba50  00000000 00000000 0000000d 00000000
0000009eba60  00000000 000001a0 000001ed 00000001
0000009eba70  00000000 00000065 ffffffff 00000004
0000009eba80  ffffffff 00000001 00000000 00000000
0000009eba90  00000000 00000000 00000000 00000000
0000009ebaa0  00000000 00000000 00000000 00000000
0000009ebab0  00000000 00000000 00000021 00000000
0000009ebac0  00000000 00000000 00000000 00000000
0000009ebad0  009ec0d0 00000000 000000d1 00000000
0000009ebae0  00000000 00000000 00000000 00000000
0000009ebaf0  00000000 00000000 00000000 00000000
0000009ebb00  00000001 00000000 00000000 00000000
0000009ebb10  0000001e 00000000 00000000 00000000
0000009ebb20  00000000 00000000 531f750b 00000000
0000009ebb30  009da200 00000000 009eb990 00000000
0000009ebb40  00010000 00000000 00000000 00000000
0000009ebb50  00000001 00000000 009ebbe0 00000000
0000009ebb60  00000000 00000000 009ebc00 00000000
0000009ebb70  009ebbb0 00000000 00000000 00000000
0000009ebb80  00000000 00000000 00000000 00000000
0000009ebb90  00000000 00000000 00000000 00000000
0000009ebba0  00000000 00000000 00000031 00000000
0000009ebbb0  00000000 00000000 00000000 00000000
0000009ebbc0  00000000 00000000 00000000 00000000
0000009ebbd0  00000000 00000000 00000021 00000000
0000009ebbe0  009e1790 00000000 00000000 00000000
0000009ebbf0  00000000 00000000 00000281 00000000
0000009ebc00  009d7620 00000000 009ebea0 00000000
0000009ebc10  00000003 00000001 00000000 00000001
0000009ebc20  00000000 00000000 00000000 000003e8
0000009ebc30  00000001 00000000 00000064 00000000
0000009ebc40  00000000 00000000 00000000 00000000
0000009ebc50  009ebae0 00000000 00000000 00000000
0000009ebc60  00000320 000000c8 00002648 000003ca
0000009ebc70  000002bc 00000008 00000000 00000000
0000009ebc80  000003e8 0000ea60 000007d0 00000000
0000009ebc90  00000000 00000019 0042d880 00000000
0000009ebca0  00427ff0 00000000 00428000 00000000
0000009ebcb0  00428010 00000000 00428020 00000000
0000009ebcc0  00000000 00000000 00000000 00000000
0000009ebcd0  00000000 00000000 00000000 00000000
0000009ebce0  00000000 00000000 009ebec0 00000000
0000009ebcf0  00000000 00000000 00000000 00000000
0000009ebd00  00000000 00000000 00000000 00000000
0000009ebd10  00000000 00000000 00000000 00000000
0000009ebd20  00000000 00000000 00000000 00000000
0000009ebd30  00000000 00000000 00000000 00000000
0000009ebd40  00000000 00000000 00000000 00000000
0000009ebd50  00000000 00000000 00000000 00000000
0000009ebd60  00000000 00000000 00000000 00000000
0000009ebd70  00000000 00000000 00000000 00000000
0000009ebd80  00000000 00000000 00000000 00000000
0000009ebd90  00000000 00000000 00000000 00000000
0000009ebda0  00000000 00000000 00000000 00000000
0000009ebdb0  00000000 00000000 00000000 00000000
0000009ebdc0  00000000 00000000 00000000 00000000
0000009ebdd0  00000000 00000000 00000000 00000000
0000009ebde0  00000000 00000000 009ebe80 00000000
0000009ebdf0  00000000 00000000 00000000 00000000
0000009ebe00  00000000 00000000 00000000 00000000
0000009ebe10  00100000 00000000 00000000 00000000
0000009ebe20  00000000 00000000 00000000 00000000
0000009ebe30  00000000 00000000 00000000 00000000
0000009ebe40  00000000 00000000 00000000 00000000
0000009ebe50  00000000 00000000 00000000 00000000
0000009ebe60  00000000 00000000 00000000 00000000
0000009ebe70  00000000 00000000 00000021 00000000
0000009ebe80  c8780e00 00007fc7 c8780e98 00007fc7
0000009ebe90  00000000 00000000 00000021 00000000
0000009ebea0  69746361 31206e6f 75712030 00657565
0000009ebeb0  00000000 00000000 00000031 00000000
0000009ebec0  00000000 00000000 00000000 00000000
0000009ebed0  00000000 00000000 00000000 00000000
0000009ebee0  00000000 00000000 00000091 00000000
0000009ebef0  009ec4e0 00000000 00000000 00000000
0000009ebf00  00000000 00000000 00000000 00000000
0000009ebf10  00000000 07000000 00000000 00000000
0000009ebf20  00000000 00000000 00000000 00000000
0000009ebf30  00000000 00000000 00000001 00000000
0000009ebf40  0042d480 00000000 00000000 00000000
0000009ebf50  00000000 00000000 00000000 00000000
0000009ebf60  009ebac0 00000000 009ebac0 00000000
0000009ebf70  00000000 00000000 00000131 00000000
0000009ebf80  7261762f 676f6c2f 77656e2f 656e2f73
0000009ebf90  632e7377 00746972 00000000 00000000
0000009ebfa0  00000000 00000000 00000000 00000000
0000009ebfb0  00000000 00000000 00000000 00000000
0000009ebfc0  00000000 00000000 00000000 00000000
0000009ebfd0  00000000 00000000 00000000 00000000
0000009ebfe0  00000000 00000000 00000000 00000000
0000009ebff0  00000000 00000000 00000000 00000000
