
0000009ec000  00000000 00000000 00000000 00000000
0000009ec010  00000000 00000000 00000000 00000000
0000009ec020  00000000 00000000 00000000 00000000
0000009ec030  00000000 00000000 00000000 00000000
0000009ec040  00000000 00000000 0000000e 00000000
0000009ec050  00000000 000001a0 000001ed 00000001
0000009ec060  00000000 00000065 ffffffff 00000004
0000009ec070  ffffffff 00000001 00000000 00000000
0000009ec080  00000000 00000000 00000000 00000000
0000009ec090  00000000 00000000 00000000 00000000
0000009ec0a0  00000000 00000000 00000021 00000000
0000009ec0b0  00000000 00000000 00000000 00000000
0000009ec0c0  009ec6c0 00000000 000000d1 00000000
0000009ec0d0  00000000 00000000 00000000 00000000
0000009ec0e0  00000000 00000000 00000000 00000000
0000009ec0f0  00000001 00000000 00000000 00000000
0000009ec100  0000001e 00000000 00000000 00000000
0000009ec110  00000000 00000000 531f750b 00000000
0000009ec120  009da200 00000000 009ebf80 00000000
0000009ec130  00010000 00000000 00000000 00000000
0000009ec140  00000001 00000000 009ec1d0 00000000
0000009ec150  00000000 00000000 009ec1f0 00000000
0000009ec160  009ec1a0 00000000 00000000 00000000
0000009ec170  00000000 00000000 00000000 00000000
0000009ec180  00000000 00000000 00000000 00000000
0000009ec190  00000000 00000000 00000031 00000000
0000009ec1a0  00000000 00000000 00000000 00000000
0000009ec1b0  00000000 00000000 00000000 00000000
0000009ec1c0  00000000 00000000 00000021 00000000
0000009ec1d0  009e1790 00000000 00000000 00000000
0000009ec1e0  00000000 00000000 00000281 00000000
0000009ec1f0  009d7620 00000000 009ec490 00000000
0000009ec200  00000003 00000001 00000000 00000001
0000009ec210  00000000 00000000 00000000 000003e8
0000009ec220  00000001 00000000 00000064 00000000
0000009ec230  00000000 00000000 00000000 00000000
0000009ec240  009ec0d0 00000000 00000000 00000000
0000009ec250  00000320 000000c8 00002648 000003ca
0000009ec260  000002bc 00000008 00000000 00000000
0000009ec270  000003e8 0000ea60 000007d0 00000000
0000009ec280  00000000 00000019 0042d880 00000000
0000009ec290  00427ff0 00000000 00428000 00000000
0000009ec2a0  00428010 00000000 00428020 00000000
0000009ec2b0  00000000 00000000 00000000 00000000
0000009ec2c0  00000000 00000000 00000000 00000000
0000009ec2d0  00000000 00000000 009ec4b0 00000000
0000009ec2e0  00000000 00000000 00000000 00000000
0000009ec2f0  00000000 00000000 00000000 00000000
0000009ec300  00000000 00000000 00000000 00000000
0000009ec310  00000000 00000000 00000000 00000000
0000009ec320  00000000 00000000 00000000 00000000
0000009ec330  00000000 00000000 00000000 00000000
0000009ec340  00000000 00000000 00000000 00000000
0000009ec350  00000000 00000000 00000000 00000000
0000009ec360  00000000 00000000 00000000 00000000
0000009ec370  00000000 00000000 00000000 00000000
0000009ec380  00000000 00000000 00000000 00000000
0000009ec390  00000000 00000000 00000000 00000000
0000009ec3a0  00000000 00000000 00000000 00000000
0000009ec3b0  00000000 00000000 00000000 00000000
0000009ec3c0  00000000 00000000 00000000 00000000
0000009ec3d0  00000000 00000000 009ec470 00000000
0000009ec3e0  00000000 00000000 00000000 00000000
0000009ec3f0  00000000 00000000 00000000 00000000
0000009ec400  00100000 00000000 00000000 00000000
0000009ec410  00000000 00000000 00000000 00000000
0000009ec420  00000000 00000000 00000000 00000000
0000009ec430  00000000 00000000 00000000 00000000
0000009ec440  00000000 00000000 00000000 00000000
0000009ec450  00000000 00000000 00000000 00000000
0000009ec460  00000000 00000000 00000021 00000000
0000009ec470  c8780e00 00007fc7 c8780e98 00007fc7
0000009ec480  00000000 00000000 00000021 00000000
0000009ec490  69746361 31206e6f 75712031 00657565
0000009ec4a0  00000000 00000000 00000031 00000000
0000009ec4b0  00000000 00000000 00000000 00000000
0000009ec4c0  00000000 00000000 00000000 00000000
0000009ec4d0  00000000 00000000 00000091 00000000
0000009ec4e0  009ecad0 00000000 00000000 00000000
0000009ec4f0  00000000 00000000 00000000 00000000
0000009ec500  00000000 0f000000 00000000 00000000
0000009ec510  00000000 00000000 00000000 00000000
0000009ec520  00000000 00000000 00000001 00000000
0000009ec530  0042d480 00000000 00000000 00000000
0000009ec540  00000000 00000000 00000000 00000000
0000009ec550  009ec0b0 00000000 009ec0b0 00000000
0000009ec560  00000000 00000000 00000131 00000000
0000009ec570  7261762f 676f6c2f 77656e2f 656e2f73
0000009ec580  652e7377 00007272 00000000 00000000
0000009ec590  00000000 00000000 00000000 00000000
0000009ec5a0  00000000 00000000 00000000 00000000
0000009ec5b0  00000000 00000000 00000000 00000000
0000009ec5c0  00000000 00000000 00000000 00000000
0000009ec5d0  00000000 00000000 00000000 00000000
0000009ec5e0  00000000 00000000 00000000 00000000
0000009ec5f0  00000000 00000000 00000000 00000000
0000009ec600  00000000 00000000 00000000 00000000
0000009ec610  00000000 00000000 00000000 00000000
0000009ec620  00000000 00000000 00000000 00000000
0000009ec630  00000000 00000000 0000000f 00000000
0000009ec640  00000000 000001a0 000001ed 00000001
0000009ec650  00000000 00000065 ffffffff 00000004
0000009ec660  ffffffff 00000001 00000000 00000000
0000009ec670  00000000 00000000 00000000 00000000
0000009ec680  00000000 00000000 00000000 00000000
0000009ec690  00000000 00000000 00000021 00000000
0000009ec6a0  00000000 00000000 00000000 00000000
0000009ec6b0  009eccb0 00000000 000000d1 00000000
0000009ec6c0  00000000 00000000 00000000 00000000
0000009ec6d0  00000000 00000000 00000000 00000000
0000009ec6e0  00000001 00000000 00000000 00000000
0000009ec6f0  0000001e 00000000 00000000 00000000
0000009ec700  00000000 00000000 531f750b 00000000
0000009ec710  009da200 00000000 009ec570 00000000
0000009ec720  00010000 00000000 00000000 00000000
0000009ec730  00000001 00000000 009ec7c0 00000000
0000009ec740  00000000 00000000 009ec7e0 00000000
0000009ec750  009ec790 00000000 00000000 00000000
0000009ec760  00000000 00000000 00000000 00000000
0000009ec770  00000000 00000000 00000000 00000000
0000009ec780  00000000 00000000 00000031 00000000
0000009ec790  00000000 00000000 00000000 00000000
0000009ec7a0  00000000 00000000 00000000 00000000
0000009ec7b0  00000000 00000000 00000021 00000000
0000009ec7c0  009e1790 00000000 00000000 00000000
0000009ec7d0  00000000 00000000 00000281 00000000
0000009ec7e0  009d7620 00000000 009eca80 00000000
0000009ec7f0  00000003 00000001 00000000 00000001
0000009ec800  00000000 00000000 00000000 000003e8
0000009ec810  00000001 00000000 00000064 00000000
0000009ec820  00000000 00000000 00000000 00000000
0000009ec830  009ec6c0 00000000 00000000 00000000
0000009ec840  00000320 000000c8 00002648 000003ca
0000009ec850  000002bc 00000008 00000000 00000000
0000009ec860  000003e8 0000ea60 000007d0 00000000
0000009ec870  00000000 00000019 0042d880 00000000
0000009ec880  00427ff0 00000000 00428000 00000000
0000009ec890  00428010 00000000 00428020 00000000
0000009ec8a0  00000000 00000000 00000000 00000000
0000009ec8b0  00000000 00000000 00000000 00000000
0000009ec8c0  00000000 00000000 009ecaa0 00000000
0000009ec8d0  00000000 00000000 00000000 00000000
0000009ec8e0  00000000 00000000 00000000 00000000
0000009ec8f0  00000000 00000000 00000000 00000000
0000009ec900  00000000 00000000 00000000 00000000
0000009ec910  00000000 00000000 00000000 00000000
0000009ec920  00000000 00000000 00000000 00000000
0000009ec930  00000000 00000000 00000000 00000000
0000009ec940  00000000 00000000 00000000 00000000
0000009ec950  00000000 00000000 00000000 00000000
0000009ec960  00000000 00000000 00000000 00000000
0000009ec970  00000000 00000000 00000000 00000000
0000009ec980  00000000 00000000 00000000 00000000
0000009ec990  00000000 00000000 00000000 00000000
0000009ec9a0  00000000 00000000 00000000 00000000
0000009ec9b0  00000000 00000000 00000000 00000000
0000009ec9c0  00000000 00000000 009eca60 00000000
0000009ec9d0  00000000 00000000 00000000 00000000
0000009ec9e0  00000000 00000000 00000000 00000000
0000009ec9f0  00100000 00000000 00000000 00000000
0000009eca00  00000000 00000000 00000000 00000000
0000009eca10  00000000 00000000 00000000 00000000
0000009eca20  00000000 00000000 00000000 00000000
0000009eca30  00000000 00000000 00000000 00000000
0000009eca40  00000000 00000000 00000000 00000000
0000009eca50  00000000 00000000 00000021 00000000
0000009eca60  c8780e00 00007fc7 c8780e98 00007fc7
0000009eca70  00000000 00000000 00000021 00000000
0000009eca80  69746361 31206e6f 75712032 00657565
0000009eca90  00000000 00000000 00000031 00000000
0000009ecaa0  00000000 00000000 00000000 00000000
0000009ecab0  00000000 00000000 00000000 00000000
0000009ecac0  00000000 00000000 00000091 00000000
0000009ecad0  009ed0c0 00000000 00000000 00000000
0000009ecae0  00000000 00000000 00000000 00000000
0000009ecaf0  00000000 3f000000 00000000 00000000
0000009ecb00  00000000 00000000 00000000 00000000
0000009ecb10  00000000 00000000 00000001 00000000
0000009ecb20  0042d480 00000000 00000000 00000000
0000009ecb30  00000000 00000000 00000000 00000000
0000009ecb40  009ec6a0 00000000 009ec6a0 00000000
0000009ecb50  00000000 00000000 00000131 00000000
0000009ecb60  7261762f 676f6c2f 77656e2f 656e2f73
0000009ecb70  6e2e7377 6369746f 00000065 00000000
0000009ecb80  00000000 00000000 00000000 00000000
0000009ecb90  00000000 00000000 00000000 00000000
0000009ecba0  00000000 00000000 00000000 00000000
0000009ecbb0  00000000 00000000 00000000 00000000
0000009ecbc0  00000000 00000000 00000000 00000000
0000009ecbd0  00000000 00000000 00000000 00000000
0000009ecbe0  00000000 00000000 00000000 00000000
0000009ecbf0  00000000 00000000 00000000 00000000
0000009ecc00  00000000 00000000 00000000 00000000
0000009ecc10  00000000 00000000 00000000 00000000
0000009ecc20  00000000 00000000 00000010 00000000
0000009ecc30  00000000 000001a0 000001ed 00000001
0000009ecc40  00000000 00000065 ffffffff 00000004
0000009ecc50  ffffffff 00000001 00000000 00000000
0000009ecc60  00000000 00000000 00000000 00000000
0000009ecc70  00000000 00000000 00000000 00000000
0000009ecc80  00000000 00000000 00000021 00000000
0000009ecc90  00000000 00000000 00000000 00000000
0000009ecca0  009ed2a0 00000000 000000d1 00000000
0000009eccb0  00000000 00000000 00000000 00000000
0000009eccc0  00000000 00000000 00000000 00000000
0000009eccd0  00000001 00000000 00000000 00000000
0000009ecce0  0000001e 00000000 00000000 00000000
0000009eccf0  00000000 00000000 531f750b 00000000
0000009ecd00  009da200 00000000 009ecb60 00000000
0000009ecd10  00010000 00000000 00000000 00000000
0000009ecd20  00000001 00000000 009ecdb0 00000000
0000009ecd30  00000000 00000000 009ecdd0 00000000
0000009ecd40  009ecd80 00000000 00000000 00000000
0000009ecd50  00000000 00000000 00000000 00000000
0000009ecd60  00000000 00000000 00000000 00000000
0000009ecd70  00000000 00000000 00000031 00000000
0000009ecd80  00000000 00000000 00000000 00000000
0000009ecd90  00000000 00000000 00000000 00000000
0000009ecda0  00000000 00000000 00000021 00000000
0000009ecdb0  009e1790 00000000 00000000 00000000
0000009ecdc0  00000000 00000000 00000281 00000000
0000009ecdd0  009d7620 00000000 009ed070 00000000
0000009ecde0  00000003 00000001 00000000 00000001
0000009ecdf0  00000000 00000000 00000000 000003e8
0000009ece00  00000001 00000000 00000064 00000000
0000009ece10  00000000 00000000 00000000 00000000
0000009ece20  009eccb0 00000000 00000000 00000000
0000009ece30  00000320 000000c8 00002648 000003ca
0000009ece40  000002bc 00000008 00000000 00000000
0000009ece50  000003e8 0000ea60 000007d0 00000000
0000009ece60  00000000 00000019 0042d880 00000000
0000009ece70  00427ff0 00000000 00428000 00000000
0000009ece80  00428010 00000000 00428020 00000000
0000009ece90  00000000 00000000 00000000 00000000
0000009ecea0  00000000 00000000 00000000 00000000
0000009eceb0  00000000 00000000 009ed090 00000000
0000009ecec0  00000000 00000000 00000000 00000000
0000009eced0  00000000 00000000 00000000 00000000
0000009ecee0  00000000 00000000 00000000 00000000
0000009ecef0  00000000 00000000 00000000 00000000
0000009ecf00  00000000 00000000 00000000 00000000
0000009ecf10  00000000 00000000 00000000 00000000
0000009ecf20  00000000 00000000 00000000 00000000
0000009ecf30  00000000 00000000 00000000 00000000
0000009ecf40  00000000 00000000 00000000 00000000
0000009ecf50  00000000 00000000 00000000 00000000
0000009ecf60  00000000 00000000 00000000 00000000
0000009ecf70  00000000 00000000 00000000 00000000
0000009ecf80  00000000 00000000 00000000 00000000
0000009ecf90  00000000 00000000 00000000 00000000
0000009ecfa0  00000000 00000000 00000000 00000000
0000009ecfb0  00000000 00000000 009ed050 00000000
0000009ecfc0  00000000 00000000 00000000 00000000
0000009ecfd0  00000000 00000000 00000000 00000000
0000009ecfe0  00100000 00000000 00000000 00000000
0000009ecff0  00000000 00000000 00000000 00000000
