
0000009ed000  00000000 00000000 00000000 00000000
0000009ed010  00000000 00000000 00000000 00000000
0000009ed020  00000000 00000000 00000000 00000000
0000009ed030  00000000 00000000 00000000 00000000
0000009ed040  00000000 00000000 00000021 00000000
0000009ed050  c8780e00 00007fc7 c8780e98 00007fc7
0000009ed060  00000000 00000000 00000021 00000000
0000009ed070  69746361 31206e6f 75712033 00657565
0000009ed080  00000000 00000000 00000031 00000000
0000009ed090  00000000 00000000 00000000 00000000
0000009ed0a0  00000000 00000000 00000000 00000000
0000009ed0b0  00000000 00000000 00000091 00000000
0000009ed0c0  009ed6b0 00000000 00000000 00000000
0000009ed0d0  00000000 00000000 00000000 00000000
0000009ed0e0  80008080 00808000 80008080 80808080
0000009ed0f0  80808080 80808080 00000080 00000000
0000009ed100  00000000 00000000 00000001 00000000
0000009ed110  0042d480 00000000 00000000 00000000
0000009ed120  00000000 00000000 00000000 00000000
0000009ed130  009ecc90 00000000 009ecc90 00000000
0000009ed140  00000000 00000000 00000131 00000000
0000009ed150  7261762f 676f6c2f 6265642f 00006775
0000009ed160  00000000 00000000 00000000 00000000
0000009ed170  00000000 00000000 00000000 00000000
0000009ed180  00000000 00000000 00000000 00000000
0000009ed190  00000000 00000000 00000000 00000000
0000009ed1a0  00000000 00000000 00000000 00000000
0000009ed1b0  00000000 00000000 00000000 00000000
0000009ed1c0  00000000 00000000 00000000 00000000
0000009ed1d0  00000000 00000000 00000000 00000000
0000009ed1e0  00000000 00000000 00000000 00000000
0000009ed1f0  00000000 00000000 00000000 00000000
0000009ed200  00000000 00000000 00000000 00000000
0000009ed210  00000000 00000000 0000ffff 00000000
0000009ed220  00000000 000001a0 000001ed 00000001
0000009ed230  00000000 00000065 ffffffff 00000004
0000009ed240  ffffffff 00000001 00000000 00000000
0000009ed250  00000000 00000000 00000000 00000000
0000009ed260  00000000 00000000 00000000 00000000
0000009ed270  00000000 00000000 00000021 00000000
0000009ed280  00000000 00000000 00000000 00000000
0000009ed290  009ed890 00000000 000000d1 00000000
0000009ed2a0  531f7512 00000000 531f7512 00000000
0000009ed2b0  00000000 00000000 00000000 00000000
0000009ed2c0  00010001 00000000 531f7530 00000000
0000009ed2d0  0000001e 00000000 00000000 00000000
0000009ed2e0  00000000 00000000 531f750b 00000000
0000009ed2f0  009da200 00000000 009ed150 00000000
0000009ed300  00010000 00000000 00000000 00000000
0000009ed310  00000001 00000000 009ed3a0 00000000
0000009ed320  009efea0 00000000 009ed3c0 00000000
0000009ed330  009ed370 00000000 00000000 00000000
0000009ed340  00000000 00000000 00000000 00000000
0000009ed350  00000000 00000000 00000000 00000000
0000009ed360  00000000 00000000 00000031 00000000
0000009ed370  00000000 00000000 00000000 00000000
0000009ed380  00000000 00000000 00000000 00000000
0000009ed390  00000000 00000000 00000021 00000000
0000009ed3a0  009e1790 00000000 00000000 00000000
0000009ed3b0  00000000 00000000 00000281 00000000
0000009ed3c0  009d7620 00000000 009ed660 00000000
0000009ed3d0  00000003 00000001 00000000 00000001
0000009ed3e0  00000000 00000000 00000000 000003e8
0000009ed3f0  00000001 00000000 00000064 00000000
0000009ed400  00000000 00000000 00000000 00000000
0000009ed410  009ed2a0 00000000 00000000 00000000
0000009ed420  00000320 000000c8 00002648 000003ca
0000009ed430  000002bc 00000008 00000000 00000000
0000009ed440  000003e8 0000ea60 000007d0 00000000
0000009ed450  00000000 00000019 0042d880 00000000
0000009ed460  00427ff0 00000000 00428000 00000000
0000009ed470  00428010 00000000 00428020 00000000
0000009ed480  00000000 00000000 00000000 00000000
0000009ed490  00000000 00000000 00000000 00000000
0000009ed4a0  00000000 00000000 009ed680 00000000
0000009ed4b0  00000000 00000000 00000000 00000000
0000009ed4c0  00000000 00000000 00000000 00000000
0000009ed4d0  00000000 00000000 00000000 00000000
0000009ed4e0  00000000 00000000 00000000 00000000
0000009ed4f0  00000000 00000000 00000000 00000000
0000009ed500  00000000 00000000 00000000 00000000
0000009ed510  00000000 00000000 00000000 00000000
0000009ed520  00000000 00000000 00000000 00000000
0000009ed530  00000000 00000000 00000000 00000000
0000009ed540  00000000 00000000 00000000 00000000
0000009ed550  00000000 00000000 00000000 00000000
0000009ed560  00000000 00000000 00000000 00000000
0000009ed570  00000000 00000000 00000000 00000000
0000009ed580  00000000 00000000 00000000 00000000
0000009ed590  00000000 00000000 00000000 00000000
0000009ed5a0  00000000 00000000 009ed640 00000000
0000009ed5b0  00000000 00000000 00000000 00000000
0000009ed5c0  00000000 00000000 00000000 00000000
0000009ed5d0  00100000 00000000 00000000 00000000
0000009ed5e0  00000000 00000000 00000000 00000000
0000009ed5f0  00000000 00000000 00000000 00000000
0000009ed600  00000000 00000000 00000000 00000000
0000009ed610  00000000 00000000 00000000 00000000
0000009ed620  00000000 00000000 00000000 00000000
0000009ed630  00000000 00000000 00000021 00000000
0000009ed640  c8780e00 00007fc7 c8780e98 00007fc7
0000009ed650  00000000 00000000 00000021 00000000
0000009ed660  69746361 31206e6f 75712034 00657565
0000009ed670  00000000 00000000 00000031 00000000
0000009ed680  00000000 00000000 00000000 00000000
0000009ed690  00000000 00000000 00000000 00000000
0000009ed6a0  00000000 00000000 00000091 00000000
0000009ed6b0  009edca0 00000000 00000000 00000000
0000009ed6c0  00000000 00000000 00000000 00000000
0000009ed6d0  00007070 00707000 70000070 70707070
0000009ed6e0  70707070 70707070 00000070 00000000
0000009ed6f0  00000000 00000000 00000001 00000000
0000009ed700  0042d480 00000000 00000000 00000000
0000009ed710  00000000 00000000 00000000 00000000
0000009ed720  009ed280 00000000 009ed280 00000000
0000009ed730  00000000 00000000 00000131 00000000
0000009ed740  7261762f 676f6c2f 73656d2f 65676173
0000009ed750  00000073 00000000 00000000 00000000
0000009ed760  00000000 00000000 00000000 00000000
0000009ed770  00000000 00000000 00000000 00000000
0000009ed780  00000000 00000000 00000000 00000000
0000009ed790  00000000 00000000 00000000 00000000
0000009ed7a0  00000000 00000000 00000000 00000000
0000009ed7b0  00000000 00000000 00000000 00000000
0000009ed7c0  00000000 00000000 00000000 00000000
0000009ed7d0  00000000 00000000 00000000 00000000
0000009ed7e0  00000000 00000000 00000000 00000000
0000009ed7f0  00000000 00000000 00000000 00000000
0000009ed800  00000000 00000000 00000012 00000000
0000009ed810  00000000 000001a0 000001ed 00000001
0000009ed820  00000000 00000065 ffffffff 00000004
0000009ed830  ffffffff 00000001 00000000 00000000
0000009ed840  00000000 00000000 00000000 00000000
0000009ed850  00000000 00000000 00000000 00000000
0000009ed860  00000000 00000000 00000021 00000000
0000009ed870  00000000 00000000 00000000 00000000
0000009ed880  009ede30 00000000 000000d1 00000000
0000009ed890  531f750b 00000000 ffffffff ffffffff
0000009ed8a0  00000000 00000000 00000000 00000000
0000009ed8b0  00000001 00000000 00000000 00000000
0000009ed8c0  0000001e 00000000 00000000 00000000
0000009ed8d0  00000000 00000000 531f750b 00000000
0000009ed8e0  009da200 00000000 009ed740 00000000
0000009ed8f0  00010000 00000000 00000000 00000000
0000009ed900  00000001 00000000 009ed990 00000000
0000009ed910  009ef440 00000000 009ed9b0 00000000
0000009ed920  009ed960 00000000 00000000 00000000
0000009ed930  00000000 00000000 00000000 00000000
0000009ed940  00000000 00000000 00000000 00000000
0000009ed950  00000000 00000000 00000031 00000000
0000009ed960  00000000 00000000 00000000 00000000
0000009ed970  00000000 00000000 00000000 00000000
0000009ed980  00000000 00000000 00000021 00000000
0000009ed990  009e1790 00000000 00000000 00000000
0000009ed9a0  00000000 00000000 00000281 00000000
0000009ed9b0  009d7620 00000000 009edc50 00000000
0000009ed9c0  00000003 00000001 00000000 00000001
0000009ed9d0  00000000 00000000 00000000 000003e8
0000009ed9e0  00000001 00000000 00000064 00000000
0000009ed9f0  00000000 00000000 00000000 00000000
0000009eda00  009ed890 00000000 00000000 00000000
0000009eda10  00000320 000000c8 00002648 000003ca
0000009eda20  000002bc 00000008 00000000 00000000
0000009eda30  000003e8 0000ea60 000007d0 00000000
0000009eda40  00000000 00000019 0042d880 00000000
0000009eda50  00427ff0 00000000 00428000 00000000
0000009eda60  00428010 00000000 00428020 00000000
0000009eda70  00000000 00000000 00000000 00000000
0000009eda80  00000000 00000000 00000000 00000000
0000009eda90  00000000 00000000 009edc70 00000000
0000009edaa0  00000000 00000000 00000000 00000000
0000009edab0  00000000 00000000 00000000 00000000
0000009edac0  00000000 00000000 00000000 00000000
0000009edad0  00000000 00000000 00000000 00000000
0000009edae0  00000000 00000000 00000000 00000000
0000009edaf0  00000000 00000000 00000000 00000000
0000009edb00  00000000 00000000 00000000 00000000
0000009edb10  00000000 00000000 00000000 00000000
0000009edb20  00000000 00000000 00000000 00000000
0000009edb30  00000000 00000000 00000000 00000000
0000009edb40  00000000 00000000 00000000 00000000
0000009edb50  00000000 00000000 00000000 00000000
0000009edb60  00000000 00000000 00000000 00000000
0000009edb70  00000000 00000000 00000000 00000000
0000009edb80  00000000 00000000 00000000 00000000
0000009edb90  00000000 00000000 009edc30 00000000
0000009edba0  00000000 00000000 00000000 00000000
0000009edbb0  00000000 00000000 00000000 00000000
0000009edbc0  00100000 00000000 00000000 00000000
0000009edbd0  00000000 00000000 00000000 00000000
0000009edbe0  00000000 00000000 00000000 00000000
0000009edbf0  00000000 00000000 00000000 00000000
0000009edc00  00000000 00000000 00000000 00000000
0000009edc10  00000000 00000000 00000000 00000000
0000009edc20  00000000 00000000 00000021 00000000
0000009edc30  c8780e00 00007fc7 c8780e98 00007fc7
0000009edc40  00000000 00000000 00000021 00000000
0000009edc50  69746361 31206e6f 75712035 00657565
0000009edc60  00000000 00000000 00000031 00000000
0000009edc70  00000000 00000000 00000000 00000000
0000009edc80  00000000 00000000 00000000 00000000
0000009edc90  00000000 00000000 00000091 00000000
0000009edca0  009ee210 00000000 00000000 00000000
0000009edcb0  00000000 00000000 00000000 00000000
0000009edcc0  01010101 01010101 01010101 01010101
0000009edcd0  01010101 01010101 00000001 00000000
0000009edce0  00000000 00000000 00000001 00000000
0000009edcf0  0042d480 00000000 00000000 00000000
0000009edd00  00000000 00000000 00000000 00000000
0000009edd10  009ed870 00000000 009ed870 00000000
0000009edd20  00000000 00000000 00000021 00000000
0000009edd30  6e69616d 65757120 523a6575 00006765
0000009edd40  00000020 00000000 000000c1 00000000
0000009edd50  00000001 00000000 00000000 00000000
0000009edd60  00000000 00000000 00000000 00000000
0000009edd70  00000000 00000000 00000000 00000000
0000009edd80  00000000 00000000 00000000 00000000
0000009edd90  00000000 00000000 00000000 00000000
0000009edda0  00000000 00000000 00000000 00000000
0000009eddb0  00000000 00000000 00000000 00000000
0000009eddc0  00000000 00000000 00000000 00000000
0000009eddd0  00000000 00000000 00000000 00000000
0000009edde0  00000000 00000000 00000000 00000000
0000009eddf0  00000000 00000000 00000000 00000000
0000009ede00  00000000 00000000 00000021 00000000
0000009ede10  6e69616d 65757120 00006575 00000000
0000009ede20  00000000 00000000 000000d1 00000000
0000009ede30  00000000 00000000 00000000 00000000
0000009ede40  00000000 00000000 00000000 00000000
0000009ede50  00000001 00000000 00000000 00000000
0000009ede60  0000001e 00000000 00000000 00000000
0000009ede70  00000000 00000000 531f750b 00000000
0000009ede80  009db460 00000000 009edd50 00000000
0000009ede90  00010000 00000000 00000000 00000000
0000009edea0  00000001 00000000 009edf00 00000000
0000009edeb0  00000000 00000000 009edf20 00000000
0000009edec0  009e8540 00000000 00000000 00000000
0000009eded0  00000000 00000000 00000000 00000000
0000009edee0  00000000 00000000 00000000 00000000
0000009edef0  00000000 00000000 00000021 00000000
0000009edf00  009e1d80 00000000 00000000 00000000
0000009edf10  00000000 00000000 00000281 00000000
0000009edf20  009d7620 00000000 009ee1c0 00000000
0000009edf30  00000003 00000001 00000000 00000001
0000009edf40  00000000 00000000 00000000 000003e8
0000009edf50  00000001 00000000 00000064 00000000
0000009edf60  00000000 00000000 00000000 00000000
0000009edf70  009ede30 00000000 00000000 00000000
0000009edf80  00000320 000000c8 00002648 000003ca
0000009edf90  000002bc 00000008 00000000 00000000
0000009edfa0  000003e8 0000ea60 000007d0 00000000
0000009edfb0  00000000 00000019 0042d880 00000000
0000009edfc0  00427ff0 00000000 00428000 00000000
0000009edfd0  00428010 00000000 00428020 00000000
0000009edfe0  00000000 00000000 00000000 00000000
0000009edff0  00000000 00000000 00000000 00000000
