
000000a03000  00000000 00000000 00000000 00000000
000000a03010  00000000 00000000 00000000 00000000
000000a03020  00000000 00000000 00000000 00000000
000000a03030  00000000 00000000 00000000 00000000
000000a03040  00000000 00000000 00000000 00000000
000000a03050  00000000 00000000 00000000 00000000
000000a03060  00000000 00000000 00000000 00000000
000000a03070  00000000 00000000 00000000 00000000
000000a03080  00000000 00000000 00000000 00000000
000000a03090  00000000 00000000 00000000 00000000
000000a030a0  00000000 00000000 00000000 00000000
000000a030b0  00000000 00000000 00000000 00000000
000000a030c0  00000000 00000000 00000000 00000000
000000a030d0  00000000 00000000 00000000 00000000
000000a030e0  00000000 00000000 00000000 00000000
000000a030f0  00000000 00000000 00000000 00000000
000000a03100  00000000 00000000 00000000 00000000
000000a03110  00000000 00000000 00000000 00000000
000000a03120  00000000 00000000 00000000 00000000
000000a03130  00000000 00000000 00000000 00000000
000000a03140  00000000 00000000 00000000 00000000
000000a03150  00000000 00000000 00000000 00000000
000000a03160  00000000 00000000 00000000 00000000
000000a03170  00000000 00000000 00000000 00000000
000000a03180  00000000 00000000 00000000 00000000
000000a03190  00000000 00000000 00000000 00000000
000000a031a0  00000000 00000000 00000000 00000000
000000a031b0  00000000 00000000 00000000 00000000
000000a031c0  00000000 00000000 00000000 00000000
000000a031d0  00000000 00000000 00000000 00000000
000000a031e0  00000000 00000000 00000000 00000000
000000a031f0  00000000 00000000 00000000 00000000
000000a03200  00000000 00000000 00000000 00000000
000000a03210  00000000 00000000 00000000 00000000
000000a03220  00000000 00000000 00000000 00000000
000000a03230  00000000 00000000 00000000 00000000
000000a03240  00000000 00000000 00000000 00000000
000000a03250  00000000 00000000 00000000 00000000
000000a03260  00000000 00000000 00000000 00000000
000000a03270  00000000 00000000 00000000 00000000
000000a03280  00000000 00000000 00000000 00000000
000000a03290  00000000 00000000 00000000 00000000
000000a032a0  00000000 00000000 00000000 00000000
000000a032b0  00000000 00000000 00000000 00000000
000000a032c0  00000000 00000000 00000000 00000000
000000a032d0  00000000 00000000 00000000 00000000
000000a032e0  00000000 00000000 00000000 00000000
000000a032f0  00000000 00000000 00000000 00000000
000000a03300  00000000 00000000 00000000 00000000
000000a03310  00000000 00000000 00000000 00000000
000000a03320  00000000 00000000 00000000 00000000
000000a03330  00000000 00000000 00000000 00000000
000000a03340  00000000 00000000 00000000 00000000
000000a03350  00000000 00000000 00000000 00000000
000000a03360  00000000 00000000 00000000 00000000
000000a03370  00000000 00000000 00000000 00000000
000000a03380  00000000 00000000 00000000 00000000
000000a03390  00000000 00000000 00000000 00000000
000000a033a0  00000000 00000000 00000000 00000000
000000a033b0  00000000 00000000 00000000 00000000
000000a033c0  00000000 00000000 00000000 00000000
000000a033d0  00000000 00000000 00000000 00000000
000000a033e0  00000000 00000000 00000000 00000000
000000a033f0  00000000 00000000 00000000 00000000
000000a03400  00000000 00000000 00000000 00000000
000000a03410  00000000 00000000 00000000 00000000
000000a03420  00000000 00000000 00000000 00000000
000000a03430  00000000 00000000 00000000 00000000
000000a03440  00000000 00000000 00000000 00000000
000000a03450  00000000 00000000 00000000 00000000
000000a03460  00000000 00000000 00000000 00000000
000000a03470  00000000 00000000 00000000 00000000
000000a03480  00000000 00000000 00000000 00000000
000000a03490  00000000 00000000 00000000 00000000
000000a034a0  00000000 00000000 00000000 00000000
000000a034b0  00000000 00000000 00000000 00000000
000000a034c0  00000000 00000000 00000000 00000000
000000a034d0  00000000 00000000 00000000 00000000
000000a034e0  00000000 00000000 00000000 00000000
000000a034f0  00000000 00000000 00000000 00000000
000000a03500  00000000 00000000 00000000 00000000
000000a03510  00000000 00000000 00000000 00000000
000000a03520  00000000 00000000 00000000 00000000
000000a03530  00000000 00000000 00000000 00000000
000000a03540  00000000 00000000 00000000 00000000
000000a03550  00000000 00000000 00000000 00000000
000000a03560  00000000 00000000 00000000 00000000
000000a03570  00000000 00000000 00000000 00000000
000000a03580  00000000 00000000 00000000 00000000
000000a03590  00000000 00000000 00000000 00000000
000000a035a0  00000000 00000000 00000000 00000000
000000a035b0  00000000 00000000 00000000 00000000
000000a035c0  00000000 00000000 00000000 00000000
000000a035d0  00000000 00000000 00000000 00000000
000000a035e0  00000000 00000000 00000000 00000000
000000a035f0  00000000 00000000 00000000 00000000
000000a03600  00000000 00000000 00000000 00000000
000000a03610  00000000 00000000 00000000 00000000
000000a03620  00000000 00000000 00000000 00000000
000000a03630  00000000 00000000 00000000 00000000
000000a03640  00000000 00000000 00000000 00000000
000000a03650  00000000 00000000 00000000 00000000
000000a03660  00000000 00000000 00000000 00000000
000000a03670  00000000 00000000 00000000 00000000
000000a03680  00000000 00000000 00000000 00000000
000000a03690  00000000 00000000 00000000 00000000
000000a036a0  00000000 00000000 00000000 00000000
000000a036b0  00000000 00000000 00000000 00000000
000000a036c0  00000000 00000000 00000000 00000000
000000a036d0  00000000 00000000 00000000 00000000
000000a036e0  00000000 00000000 00000000 00000000
000000a036f0  00000000 00000000 00000000 00000000
000000a03700  00000000 00000000 00000000 00000000
000000a03710  00000000 00000000 00000000 00000000
000000a03720  00000000 00000000 00000000 00000000
000000a03730  00000000 00000000 00000000 00000000
000000a03740  00000000 00000000 00000000 00000000
000000a03750  00000000 00000000 00000000 00000000
000000a03760  00000000 00000000 00000000 00000000
000000a03770  00000000 00000000 00000000 00000000
000000a03780  00000000 00000000 00000000 00000000
000000a03790  00000000 00000000 00000000 00000000
000000a037a0  00000000 00000000 00000000 00000000
000000a037b0  00000000 00000000 00000000 00000000
000000a037c0  00000000 00000000 00000000 00000000
000000a037d0  00000000 00000000 00000000 00000000
000000a037e0  00000000 00000000 00000000 00000000
000000a037f0  00000000 00000000 00000000 00000000
000000a03800  00000000 00000000 00000000 00000000
000000a03810  00000000 00000000 00000000 00000000
000000a03820  00000000 00000000 00000000 00000000
000000a03830  00000000 00000000 00000000 00000000
000000a03840  00000000 00000000 00000000 00000000
000000a03850  00000000 00000000 00000000 00000000
000000a03860  00000000 00000000 00000000 00000000
000000a03870  00000000 00000000 00000000 00000000
000000a03880  00000000 00000000 00000000 00000000
000000a03890  00000000 00000000 00000000 00000000
000000a038a0  00000000 00000000 00000000 00000000
000000a038b0  00000000 00000000 00000000 00000000
000000a038c0  00000000 00000000 00000000 00000000
000000a038d0  00000000 00000000 00000000 00000000
000000a038e0  00000000 00000000 00000000 00000000
000000a038f0  00000000 00000000 00000000 00000000
000000a03900  00000000 00000000 00000000 00000000
000000a03910  00000000 00000000 00000000 00000000
000000a03920  00000000 00000000 00000000 00000000
000000a03930  00000000 00000000 00000000 00000000
000000a03940  00000000 00000000 00000000 00000000
000000a03950  00000000 00000000 00000000 00000000
000000a03960  00000000 00000000 00000000 00000000
000000a03970  00000000 00000000 00000000 00000000
000000a03980  00000000 00000000 00000000 00000000
000000a03990  00000000 00000000 00000000 00000000
000000a039a0  00000000 00000000 00000000 00000000
000000a039b0  00000000 00000000 00000000 00000000
000000a039c0  00000000 00000000 00000000 00000000
000000a039d0  00000000 00000000 00000811 00000000
000000a039e0  c8780e98 00007fc7 009ef340 00000000
000000a039f0  00000000 00000000 00000000 00000000
000000a03a00  636e7973 6e6f7268 64657a69 206f7420
000000a03a10  312e3139 392e3938 2c342e34 72747320
000000a03a20  6d757461 64003220 726f6620 65737520
000000a03a30  6f722072 6220746f 4f4c2079 284e4947
000000a03a40  3d646975 61002930 6e6f6974 00000000
000000a03a50  00000000 00000000 00000000 00000000
000000a03a60  00000000 00000000 00000000 00000000
000000a03a70  00000000 00000000 00000000 00000000
000000a03a80  00000000 00000000 00000000 00000000
000000a03a90  00000000 00000000 00000000 00000000
000000a03aa0  00000000 00000000 00000000 00000000
000000a03ab0  00000000 00000000 00000000 00000000
000000a03ac0  00000000 00000000 00000000 00000000
000000a03ad0  00000000 00000000 00000000 00000000
000000a03ae0  00000000 00000000 00000000 00000000
000000a03af0  00000000 00000000 00000000 00000000
000000a03b00  00000000 00000000 00000000 00000000
000000a03b10  00000000 00000000 00000000 00000000
000000a03b20  00000000 00000000 00000000 00000000
000000a03b30  00000000 00000000 00000000 00000000
000000a03b40  00000000 00000000 00000000 00000000
000000a03b50  00000000 00000000 00000000 00000000
000000a03b60  00000000 00000000 00000000 00000000
000000a03b70  00000000 00000000 00000000 00000000
000000a03b80  00000000 00000000 00000000 00000000
000000a03b90  00000000 00000000 00000000 00000000
000000a03ba0  00000000 00000000 00000000 00000000
000000a03bb0  00000000 00000000 00000000 00000000
000000a03bc0  00000000 00000000 00000000 00000000
000000a03bd0  00000000 00000000 00000000 00000000
000000a03be0  00000000 00000000 00000000 00000000
000000a03bf0  00000000 00000000 00000000 00000000
000000a03c00  00000000 00000000 00000000 00000000
000000a03c10  00000000 00000000 00000000 00000000
000000a03c20  00000000 00000000 00000000 00000000
000000a03c30  00000000 00000000 00000000 00000000
000000a03c40  00000000 00000000 00000000 00000000
000000a03c50  00000000 00000000 00000000 00000000
000000a03c60  00000000 00000000 00000000 00000000
000000a03c70  00000000 00000000 00000000 00000000
000000a03c80  00000000 00000000 00000000 00000000
000000a03c90  00000000 00000000 00000000 00000000
000000a03ca0  00000000 00000000 00000000 00000000
000000a03cb0  00000000 00000000 00000000 00000000
000000a03cc0  00000000 00000000 00000000 00000000
000000a03cd0  00000000 00000000 00000000 00000000
000000a03ce0  00000000 00000000 00000000 00000000
000000a03cf0  00000000 00000000 00000000 00000000
000000a03d00  00000000 00000000 00000000 00000000
000000a03d10  00000000 00000000 00000000 00000000
000000a03d20  00000000 00000000 00000000 00000000
000000a03d30  00000000 00000000 00000000 00000000
000000a03d40  00000000 00000000 00000000 00000000
000000a03d50  00000000 00000000 00000000 00000000
000000a03d60  00000000 00000000 00000000 00000000
000000a03d70  00000000 00000000 00000000 00000000
000000a03d80  00000000 00000000 00000000 00000000
000000a03d90  00000000 00000000 00000000 00000000
000000a03da0  00000000 00000000 00000000 00000000
000000a03db0  00000000 00000000 00000000 00000000
000000a03dc0  00000000 00000000 00000000 00000000
000000a03dd0  00000000 00000000 00000000 00000000
000000a03de0  00000000 00000000 00000000 00000000
000000a03df0  00000000 00000000 00000000 00000000
000000a03e00  00000000 00000000 00000000 00000000
000000a03e10  00000000 00000000 00000000 00000000
000000a03e20  00000000 00000000 00000000 00000000
000000a03e30  00000000 00000000 00000000 00000000
000000a03e40  00000000 00000000 00000000 00000000
000000a03e50  00000000 00000000 00000000 00000000
000000a03e60  00000000 00000000 00000000 00000000
000000a03e70  00000000 00000000 00000000 00000000
000000a03e80  00000000 00000000 00000000 00000000
000000a03e90  00000000 00000000 00000000 00000000
000000a03ea0  00000000 00000000 00000000 00000000
000000a03eb0  00000000 00000000 00000000 00000000
000000a03ec0  00000000 00000000 00000000 00000000
000000a03ed0  00000000 00000000 00000000 00000000
000000a03ee0  00000000 00000000 00000000 00000000
000000a03ef0  00000000 00000000 00000000 00000000
000000a03f00  00000000 00000000 00000000 00000000
000000a03f10  00000000 00000000 00000000 00000000
000000a03f20  00000000 00000000 00000000 00000000
000000a03f30  00000000 00000000 00000000 00000000
000000a03f40  00000000 00000000 00000000 00000000
000000a03f50  00000000 00000000 00000000 00000000
000000a03f60  00000000 00000000 00000000 00000000
000000a03f70  00000000 00000000 00000000 00000000
000000a03f80  00000000 00000000 00000000 00000000
000000a03f90  00000000 00000000 00000000 00000000
000000a03fa0  00000000 00000000 00000000 00000000
000000a03fb0  00000000 00000000 00000000 00000000
000000a03fc0  00000000 00000000 00000000 00000000
000000a03fd0  00000000 00000000 00000000 00000000
000000a03fe0  00000000 00000000 00000000 00000000
000000a03ff0  00000000 00000000 00000000 00000000
