
7f7adfeb7000  00000000 00000000 00000000 00000000
7f7adfeb7010  00000000 00000000 00000000 00000000
7f7adfeb7020  00000000 00000000 00000000 00000000
7f7adfeb7030  00000000 00000000 00000000 00000000
7f7adfeb7040  00000000 00000000 00000000 00000000
7f7adfeb7050  00000000 00000000 00000000 00000000
7f7adfeb7060  00000000 00000000 00000000 00000000
7f7adfeb7070  00000000 00000000 00000000 00000000
7f7adfeb7080  00000000 00000000 00000000 00000000
7f7adfeb7090  00000000 00000000 00000000 00000000
7f7adfeb70a0  00000000 00000000 00000000 00000000
7f7adfeb70b0  00000000 00000000 00000000 00000000
7f7adfeb70c0  00000000 00000000 00000000 00000000
7f7adfeb70d0  00000000 00000000 00000000 00000000
7f7adfeb70e0  00000000 00000000 00000000 00000000
7f7adfeb70f0  00000000 00000000 00000000 00000000
7f7adfeb7100  00000000 00000000 00000000 00000000
7f7adfeb7110  00000000 00000000 00000000 00000000
7f7adfeb7120  00000000 00000000 00000000 00000000
7f7adfeb7130  00000000 00000000 00000000 00000000
7f7adfeb7140  00000000 00000000 00000000 00000000
7f7adfeb7150  00000000 00000000 00000000 00000000
7f7adfeb7160  00000000 00000000 00000000 00000000
7f7adfeb7170  00000000 00000000 00000000 00000000
7f7adfeb7180  00000000 00000000 00000000 00000000
7f7adfeb7190  00000000 00000000 00000000 00000000
7f7adfeb71a0  00000000 00000000 00000000 00000000
7f7adfeb71b0  00000000 00000000 00000000 00000000
7f7adfeb71c0  00000000 00000000 00000000 00000000
7f7adfeb71d0  00000000 00000000 00000000 00000000
7f7adfeb71e0  00000000 00000000 00000000 00000000
7f7adfeb71f0  00000000 00000000 00000000 00000000
7f7adfeb7200  00000000 00000000 00000000 00000000
7f7adfeb7210  00000000 00000000 00000000 00000000
7f7adfeb7220  00000000 00000000 00000000 00000000
7f7adfeb7230  00000000 00000000 00000000 00000000
7f7adfeb7240  00000000 00000000 00000000 00000000
7f7adfeb7250  00000000 00000000 00000000 00000000
7f7adfeb7260  00000000 00000000 00000000 00000000
7f7adfeb7270  00000000 00000000 00000000 00000000
7f7adfeb7280  00000000 00000000 00000000 00000000
7f7adfeb7290  00000000 00000000 00000000 00000000
7f7adfeb72a0  00000000 00000000 00000000 00000000
7f7adfeb72b0  00000000 00000000 00000000 00000000
7f7adfeb72c0  00000000 00000000 00000000 00000000
7f7adfeb72d0  00000000 00000000 00000000 00000000
7f7adfeb72e0  00000000 00000000 00000000 00000000
7f7adfeb72f0  00000000 00000000 00000000 00000000
7f7adfeb7300  00000000 00000000 00000000 00000000
7f7adfeb7310  00000000 00000000 00000000 00000000
7f7adfeb7320  00000000 00000000 00000000 00000000
7f7adfeb7330  00000000 00000000 00000000 00000000
7f7adfeb7340  00000000 00000000 00000000 00000000
7f7adfeb7350  00000000 00000000 00000000 00000000
7f7adfeb7360  00000000 00000000 00000000 00000000
7f7adfeb7370  00000000 00000000 00000000 00000000
7f7adfeb7380  00000000 00000000 00000000 00000000
7f7adfeb7390  00000000 00000000 00000000 00000000
7f7adfeb73a0  00000000 00000000 00000000 00000000
7f7adfeb73b0  00000000 00000000 00000000 00000000
7f7adfeb73c0  00000000 00000000 00000000 00000000
7f7adfeb73d0  00000000 00000000 00000000 00000000
7f7adfeb73e0  00000000 00000000 00000000 00000000
7f7adfeb73f0  00000000 00000000 00000000 00000000
7f7adfeb7400  00000000 00000000 00000000 00000000
7f7adfeb7410  00000000 00000000 00000000 00000000
7f7adfeb7420  00000000 00000000 00000000 00000000
7f7adfeb7430  00000000 00000000 00000000 00000000
7f7adfeb7440  00000000 00000000 00000000 00000000
7f7adfeb7450  00000000 00000000 00000000 00000000
7f7adfeb7460  00000000 00000000 00000000 00000000
7f7adfeb7470  00000000 00000000 00000000 00000000
7f7adfeb7480  00000000 00000000 00000000 00000000
7f7adfeb7490  00000000 00000000 00000000 00000000
7f7adfeb74a0  00000000 00000000 00000000 00000000
7f7adfeb74b0  00000000 00000000 00000000 00000000
7f7adfeb74c0  00000000 00000000 00000000 00000000
7f7adfeb74d0  00000000 00000000 00000000 00000000
7f7adfeb74e0  00000000 00000000 00000000 00000000
7f7adfeb74f0  00000000 00000000 00000000 00000000
7f7adfeb7500  00000000 00000000 00000000 00000000
7f7adfeb7510  00000000 00000000 00000000 00000000
7f7adfeb7520  00000000 00000000 00000000 00000000
7f7adfeb7530  00000000 00000000 00000000 00000000
7f7adfeb7540  00000000 00000000 00000000 00000000
7f7adfeb7550  00000000 00000000 00000000 00000000
7f7adfeb7560  00000000 00000000 00000000 00000000
7f7adfeb7570  00000000 00000000 00000000 00000000
7f7adfeb7580  00000000 00000000 00000000 00000000
7f7adfeb7590  00000000 00000000 00000000 00000000
7f7adfeb75a0  00000000 00000000 00000000 00000000
7f7adfeb75b0  00000000 00000000 00000000 00000000
7f7adfeb75c0  00000000 00000000 00000000 00000000
7f7adfeb75d0  00000000 00000000 00000000 00000000
7f7adfeb75e0  00000000 00000000 00000000 00000000
7f7adfeb75f0  00000000 00000000 00000000 00000000
7f7adfeb7600  00000000 00000000 00000000 00000000
7f7adfeb7610  00000000 00000000 00000000 00000000
7f7adfeb7620  00000000 00000000 00000000 00000000
7f7adfeb7630  00000000 00000000 00000000 00000000
7f7adfeb7640  00000000 00000000 00000000 00000000
7f7adfeb7650  00000000 00000000 00000000 00000000
7f7adfeb7660  00000000 00000000 00000000 00000000
7f7adfeb7670  00000000 00000000 00000000 00000000
7f7adfeb7680  00000000 00000000 00000000 00000000
7f7adfeb7690  00000000 00000000 00000000 00000000
7f7adfeb76a0  00000000 00000000 00000000 00000000
7f7adfeb76b0  00000000 00000000 00000000 00000000
7f7adfeb76c0  00000000 00000000 00000000 00000000
7f7adfeb76d0  00000000 00000000 00000000 00000000
7f7adfeb76e0  00000000 00000000 00000000 00000000
7f7adfeb76f0  00000000 00000000 00000000 00000000
7f7adfeb7700  00000000 00000000 00000000 00000000
7f7adfeb7710  00000000 00000000 00000000 00000000
7f7adfeb7720  00000000 00000000 00000000 00000000
7f7adfeb7730  00000000 00000000 00000000 00000000
7f7adfeb7740  00000000 00000000 00000000 00000000
7f7adfeb7750  00000000 00000000 00000000 00000000
7f7adfeb7760  00000000 00000000 00000000 00000000
7f7adfeb7770  00000000 00000000 00000000 00000000
7f7adfeb7780  00000000 00000000 00000000 00000000
7f7adfeb7790  00000000 00000000 00000000 00000000
7f7adfeb77a0  00000000 00000000 00000000 00000000
7f7adfeb77b0  00000000 00000000 00000000 00000000
7f7adfeb77c0  00000000 00000000 00000000 00000000
7f7adfeb77d0  00000000 00000000 00000000 00000000
7f7adfeb77e0  00000000 00000000 00000000 00000000
7f7adfeb77f0  00000000 00000000 00000000 00000000
7f7adfeb7800  00000000 00000000 00000000 00000000
7f7adfeb7810  00000000 00000000 00000000 00000000
7f7adfeb7820  00000000 00000000 00000000 00000000
7f7adfeb7830  00000000 00000000 00000000 00000000
7f7adfeb7840  00000000 00000000 00000000 00000000
7f7adfeb7850  00000000 00000000 00000000 00000000
7f7adfeb7860  00000000 00000000 00000000 00000000
7f7adfeb7870  00000000 00000000 00000000 00000000
7f7adfeb7880  00000000 00000000 00000000 00000000
7f7adfeb7890  00000000 00000000 00000000 00000000
7f7adfeb78a0  00000000 00000000 00000000 00000000
7f7adfeb78b0  00000000 00000000 00000000 00000000
7f7adfeb78c0  00000000 00000000 00000000 00000000
7f7adfeb78d0  00000000 00000000 00000000 00000000
7f7adfeb78e0  00000000 00000000 00000000 00000000
7f7adfeb78f0  00000000 00000000 00000000 00000000
7f7adfeb7900  00000000 00000000 00000000 00000000
7f7adfeb7910  00000000 00000000 00000000 00000000
7f7adfeb7920  00000000 00000000 00000000 00000000
7f7adfeb7930  00000000 00000000 00000000 00000000
7f7adfeb7940  00000000 00000000 00000000 00000000
7f7adfeb7950  00000000 00000000 00000000 00000000
7f7adfeb7960  00000000 00000000 00000000 00000000
7f7adfeb7970  00000000 00000000 00000000 00000000
7f7adfeb7980  00000000 00000000 00000000 00000000
7f7adfeb7990  00000000 00000000 00000000 00000000
7f7adfeb79a0  00000000 00000000 00000000 00000000
7f7adfeb79b0  00000000 00000000 00000000 00000000
7f7adfeb79c0  00000000 00000000 00000000 00000000
7f7adfeb79d0  00000000 00000000 00000000 00000000
7f7adfeb79e0  00000000 00000000 00000000 00000000
7f7adfeb79f0  00000000 00000000 00000000 00000000
7f7adfeb7a00  00000000 00000000 00000000 00000000
7f7adfeb7a10  00000000 00000000 00000000 00000000
7f7adfeb7a20  00000000 00000000 00000000 00000000
7f7adfeb7a30  00000000 00000000 00000000 00000000
7f7adfeb7a40  00000000 00000000 00000000 00000000
7f7adfeb7a50  00000000 00000000 00000000 00000000
7f7adfeb7a60  00000000 00000000 00000000 00000000
7f7adfeb7a70  00000000 00000000 00000000 00000000
7f7adfeb7a80  00000000 00000000 00000000 00000000
7f7adfeb7a90  00000000 00000000 00000000 00000000
7f7adfeb7aa0  00000000 00000000 00000000 00000000
7f7adfeb7ab0  00000000 00000000 00000000 00000000
7f7adfeb7ac0  00000000 00000000 00000000 00000000
7f7adfeb7ad0  00000000 00000000 00000000 00000000
7f7adfeb7ae0  00000000 00000000 00000000 00000000
7f7adfeb7af0  00000000 00000000 00000000 00000000
7f7adfeb7b00  00000000 00000000 00000000 00000000
7f7adfeb7b10  00000000 00000000 00000000 00000000
7f7adfeb7b20  00000000 00000000 00000000 00000000
7f7adfeb7b30  00000000 00000000 00000000 00000000
7f7adfeb7b40  00000000 00000000 00000000 00000000
7f7adfeb7b50  00000000 00000000 00000000 00000000
7f7adfeb7b60  00000000 00000000 00000000 00000000
7f7adfeb7b70  00000000 00000000 00000000 00000000
7f7adfeb7b80  00000000 00000000 00000000 00000000
7f7adfeb7b90  00000000 00000000 00000000 00000000
7f7adfeb7ba0  00000000 00000000 00000000 00000000
7f7adfeb7bb0  00000000 00000000 00000000 00000000
7f7adfeb7bc0  00000000 00000000 00000000 00000000
7f7adfeb7bd0  00000000 00000000 00000000 00000000
7f7adfeb7be0  00000000 00000000 00000000 00000000
7f7adfeb7bf0  00000000 00000000 00000000 00000000
7f7adfeb7c00  00000000 00000000 00000000 00000000
7f7adfeb7c10  00000000 00000000 00000000 00000000
7f7adfeb7c20  00000000 00000000 00000000 00000000
7f7adfeb7c30  00000000 00000000 00000000 00000000
7f7adfeb7c40  00000000 00000000 00000000 00000000
7f7adfeb7c50  00000000 00000000 00000000 00000000
7f7adfeb7c60  00000000 00000000 00000000 00000000
7f7adfeb7c70  00000000 00000000 00000000 00000000
7f7adfeb7c80  00000000 00000000 00000000 00000000
7f7adfeb7c90  00000000 00000000 00000000 00000000
7f7adfeb7ca0  00000000 00000000 00000000 00000000
7f7adfeb7cb0  00000000 00000000 00000000 00000000
7f7adfeb7cc0  00000000 00000000 00000000 00000000
7f7adfeb7cd0  00000000 00000000 00000000 00000000
7f7adfeb7ce0  00000000 00000000 00000000 00000000
7f7adfeb7cf0  00000000 00000000 00000000 00000000
7f7adfeb7d00  00000000 00000000 00000000 00000000
7f7adfeb7d10  00000000 00000000 00000000 00000000
7f7adfeb7d20  00000000 00000000 00000000 00000000
7f7adfeb7d30  00000000 00000000 00000000 00000000
7f7adfeb7d40  00000000 00000000 00000000 00000000
7f7adfeb7d50  00000000 00000000 00000000 00000000
7f7adfeb7d60  00000000 00000000 00000000 00000000
7f7adfeb7d70  00000000 00000000 00000000 00000000
7f7adfeb7d80  00000000 00000000 00000000 00000000
7f7adfeb7d90  00000000 00000000 00000000 00000000
7f7adfeb7da0  00000000 00000000 00000000 00000000
7f7adfeb7db0  00000000 00000000 00000000 00000000
7f7adfeb7dc0  00000000 00000000 00000000 00000000
7f7adfeb7dd0  00000000 00000000 00000000 00000000
7f7adfeb7de0  00000000 00000000 00000000 00000000
7f7adfeb7df0  00000000 00000000 00000000 00000000
7f7adfeb7e00  00000000 00000000 00000000 00000000
7f7adfeb7e10  00000000 00000000 00000000 00000000
7f7adfeb7e20  00000000 00000000 00000000 00000000
7f7adfeb7e30  00000000 00000000 00000000 00000000
7f7adfeb7e40  00000000 00000000 00000000 00000000
7f7adfeb7e50  00000000 00000000 00000000 00000000
7f7adfeb7e60  00000000 00000000 00000000 00000000
7f7adfeb7e70  00000000 00000000 00000000 00000000
7f7adfeb7e80  00000000 00000000 00000000 00000000
7f7adfeb7e90  00000000 00000000 00000000 00000000
7f7adfeb7ea0  00000000 00000000 00000000 00000000
7f7adfeb7eb0  00000000 00000000 00000000 00000000
7f7adfeb7ec0  00000000 00000000 00000000 00000000
7f7adfeb7ed0  00000000 00000000 00000000 00000000
7f7adfeb7ee0  00000000 00000000 00000000 00000000
7f7adfeb7ef0  00000000 00000000 00000000 00000000
7f7adfeb7f00  00000000 00000000 00000000 00000000
7f7adfeb7f10  00000000 00000000 00000000 00000000
7f7adfeb7f20  00000000 00000000 00000000 00000000
7f7adfeb7f30  00000000 00000000 00000000 00000000
7f7adfeb7f40  00000000 00000000 00000000 00000000
7f7adfeb7f50  00000000 00000000 00000000 00000000
7f7adfeb7f60  00000000 00000000 00000000 00000000
7f7adfeb7f70  00000000 00000000 00000000 00000000
7f7adfeb7f80  00000000 00000000 00000000 00000000
7f7adfeb7f90  00000000 00000000 00000000 00000000
7f7adfeb7fa0  00000000 00000000 00000000 00000000
7f7adfeb7fb0  00000000 00000000 00000000 00000000
7f7adfeb7fc0  00000000 00000000 00000000 00000000
7f7adfeb7fd0  00000000 00000000 00000000 00000000
7f7adfeb7fe0  00000000 00000000 00000000 00000000
7f7adfeb7ff0  00000000 00000000 00000000 00000000
