
000000a05000  00000000 00000000 00000000 00000000
000000a05010  00000000 00000000 00000000 00000000
000000a05020  00000000 00000000 00000000 00000000
000000a05030  00000000 00000000 00000000 00000000
000000a05040  00000000 00000000 00000000 00000000
000000a05050  00000000 00000000 00000000 00000000
000000a05060  00000000 00000000 00000000 00000000
000000a05070  00000000 00000000 00000000 00000000
000000a05080  00000000 00000000 00000000 00000000
000000a05090  00000000 00000000 00000000 00000000
000000a050a0  00000000 00000000 00000000 00000000
000000a050b0  00000000 00000000 00000000 00000000
000000a050c0  00000000 00000000 00000000 00000000
000000a050d0  00000000 00000000 00000000 00000000
000000a050e0  00000000 00000000 00000000 00000000
000000a050f0  00000000 00000000 00000000 00000000
000000a05100  00000000 00000000 00000000 00000000
000000a05110  00000000 00000000 00000000 00000000
000000a05120  00000000 00000000 00000000 00000000
000000a05130  00000000 00000000 00000000 00000000
000000a05140  00000000 00000000 00000000 00000000
000000a05150  00000000 00000000 00000000 00000000
000000a05160  009e8300 00000000 00a05180 00000000
000000a05170  000003e0 00000000 000017a0 00000000
000000a05180  c6990700 00007fc7 00000000 00000000
000000a05190  00000000 00000000 00000000 00000000
000000a051a0  00000000 00000000 00000000 00000000
000000a051b0  00000000 00000000 00000000 00000000
000000a051c0  00000000 00000000 00000000 00000000
000000a051d0  00000000 00000000 00000000 00000000
000000a051e0  00000000 00000000 00000000 00000000
000000a051f0  00000000 00000000 00000000 00000000
000000a05200  00000000 00000000 00000000 00000000
000000a05210  00000000 00000000 00000000 00000000
000000a05220  00000000 00000000 00000000 00000000
000000a05230  00000000 00000000 00000000 00000000
000000a05240  00000000 00000000 00000000 00000000
000000a05250  00000000 00000000 00000000 00000000
000000a05260  00000000 00000000 00000000 00000000
000000a05270  00000000 00000000 00000000 00000000
000000a05280  00000000 00000000 00000000 00000000
000000a05290  00000000 00000000 00000000 00000000
000000a052a0  00000000 00000000 00000000 00000000
000000a052b0  00000000 00000000 00000000 00000000
000000a052c0  00000000 00000000 00000000 00000000
000000a052d0  00000000 00000000 00000000 00000000
000000a052e0  00000000 00000000 00000000 00000000
000000a052f0  00000000 00000000 00000000 00000000
000000a05300  00000000 00000000 00000000 00000000
000000a05310  00000000 00000000 00000000 00000000
000000a05320  00000000 00000000 00000000 00000000
000000a05330  00000000 00000000 00000000 00000000
000000a05340  00000000 00000000 00000000 00000000
000000a05350  00000000 00000000 00000000 00000000
000000a05360  00000000 00000000 00000000 00000000
000000a05370  00000000 00000000 00000000 00000000
000000a05380  00000000 00000000 00000000 00000000
000000a05390  00000000 00000000 00000000 00000000
000000a053a0  00000000 00000000 00000000 00000000
000000a053b0  00000000 00000000 00000000 00000000
000000a053c0  00000000 00000000 00000000 00000000
000000a053d0  00000000 00000000 00000000 00000000
000000a053e0  00000000 00000000 00000000 00000000
000000a053f0  00000000 00000000 00000000 00000000
000000a05400  00000000 00000000 00000000 00000000
000000a05410  00000000 00000000 00000000 00000000
000000a05420  00000000 00000000 00000000 00000000
000000a05430  00000000 00000000 00000000 00000000
000000a05440  00000000 00000000 00000000 00000000
000000a05450  00000000 00000000 00000000 00000000
000000a05460  00000000 00000000 00000000 00000000
000000a05470  00000000 00000000 00000000 00000000
000000a05480  00000000 00000000 00000000 00000000
000000a05490  00000000 00000000 00000000 00000000
000000a054a0  00000000 00000000 00000000 00000000
000000a054b0  00000000 00000000 00000000 00000000
000000a054c0  00000000 00000000 00000000 00000000
000000a054d0  00000000 00000000 00000000 00000000
000000a054e0  00000000 00000000 00000000 00000000
000000a054f0  00000000 00000000 00000000 00000000
000000a05500  00000000 00000000 00000000 00000000
000000a05510  00000000 00000000 00000000 00000000
000000a05520  00000000 00000000 00000000 00000000
000000a05530  00000000 00000000 00000000 00000000
000000a05540  00000000 00000000 00000000 00000000
000000a05550  00000000 00000000 00000000 00000000
000000a05560  00000000 00000000 00000000 00000000
000000a05570  00000000 00000000 00000000 00000000
000000a05580  00000000 00000000 00000000 00000000
000000a05590  00000000 00000000 00000000 00000000
000000a055a0  00000000 00000000 00000000 00000000
000000a055b0  00000000 00000000 00000000 00000000
000000a055c0  00000000 00000000 00000000 00000000
000000a055d0  00000000 00000000 00000000 00000000
000000a055e0  00000000 00000000 00000000 00000000
000000a055f0  00000000 00000000 00000000 00000000
000000a05600  00000000 00000000 00000000 00000000
000000a05610  00000000 00000000 00000000 00000000
000000a05620  00000000 00000000 00000000 00000000
000000a05630  00000000 00000000 00000000 00000000
000000a05640  00000000 00000000 00000000 00000000
000000a05650  00000000 00000000 00000000 00000000
000000a05660  00000000 00000000 00000000 00000000
000000a05670  00000000 00000000 00000000 00000000
000000a05680  00000000 00000000 00000000 00000000
000000a05690  00000000 00000000 00000000 00000000
000000a056a0  00000000 00000000 00000000 00000000
000000a056b0  00000000 00000000 00000000 00000000
000000a056c0  00000000 00000000 00000000 00000000
000000a056d0  00000000 00000000 00000000 00000000
000000a056e0  00000000 00000000 00000000 00000000
000000a056f0  00000000 00000000 00000000 00000000
000000a05700  00000000 00000000 00000000 00000000
000000a05710  00000000 00000000 00000000 00000000
000000a05720  00000000 00000000 00000000 00000000
000000a05730  00000000 00000000 00000000 00000000
000000a05740  00000000 00000000 00000000 00000000
000000a05750  00000000 00000000 00000000 00000000
000000a05760  00000000 00000000 00000000 00000000
000000a05770  00000000 00000000 00000000 00000000
000000a05780  00000000 00000000 00000000 00000000
000000a05790  00000000 00000000 00000000 00000000
000000a057a0  00000000 00000000 00000000 00000000
000000a057b0  00000000 00000000 00000000 00000000
000000a057c0  00000000 00000000 00000000 00000000
000000a057d0  00000000 00000000 00000000 00000000
000000a057e0  00000000 00000000 00000000 00000000
000000a057f0  00000000 00000000 00000000 00000000
000000a05800  00000000 00000000 00000000 00000000
000000a05810  00000000 00000000 00000000 00000000
000000a05820  00000000 00000000 00000000 00000000
000000a05830  00000000 00000000 00000000 00000000
000000a05840  00000000 00000000 00000000 00000000
000000a05850  00000000 00000000 00000000 00000000
000000a05860  00000000 00000000 00000000 00000000
000000a05870  00000000 00000000 00000000 00000000
000000a05880  00000000 00000000 00000000 00000000
000000a05890  00000000 00000000 00000000 00000000
000000a058a0  00000000 00000000 00000000 00000000
000000a058b0  00000000 00000000 00000000 00000000
000000a058c0  00000000 00000000 00000000 00000000
000000a058d0  00000000 00000000 00000000 00000000
000000a058e0  00000000 00000000 00000000 00000000
000000a058f0  00000000 00000000 00000000 00000000
000000a05900  00000000 00000000 00000000 00000000
000000a05910  00000000 00000000 00000000 00000000
000000a05920  00000000 00000000 00000000 00000000
000000a05930  00000000 00000000 00000000 00000000
000000a05940  00000000 00000000 00000000 00000000
000000a05950  00000000 00000000 00000000 00000000
000000a05960  00000000 00000000 00000000 00000000
000000a05970  00000000 00000000 00000000 00000000
000000a05980  00000000 00000000 00000000 00000000
000000a05990  00000000 00000000 00000000 00000000
000000a059a0  00000000 00000000 00000000 00000000
000000a059b0  00000000 00000000 00000000 00000000
000000a059c0  00000000 00000000 00000000 00000000
000000a059d0  00000000 00000000 00000000 00000000
000000a059e0  00000000 00000000 00000000 00000000
000000a059f0  00000000 00000000 00000000 00000000
000000a05a00  00000000 00000000 00000000 00000000
000000a05a10  00000000 00000000 00000000 00000000
000000a05a20  00000000 00000000 00000000 00000000
000000a05a30  00000000 00000000 00000000 00000000
000000a05a40  00000000 00000000 00000000 00000000
000000a05a50  00000000 00000000 00000000 00000000
000000a05a60  00000000 00000000 00000000 00000000
000000a05a70  00000000 00000000 00000000 00000000
000000a05a80  00000000 00000000 00000000 00000000
000000a05a90  00000000 00000000 00000000 00000000
000000a05aa0  00000000 00000000 00000000 00000000
000000a05ab0  00000000 00000000 00000000 00000000
000000a05ac0  00000000 00000000 00000000 00000000
000000a05ad0  00000000 00000000 00000000 00000000
000000a05ae0  00000000 00000000 00000000 00000000
000000a05af0  00000000 00000000 00000000 00000000
000000a05b00  00000000 00000000 00000000 00000000
000000a05b10  00000000 00000000 00000000 00000000
000000a05b20  00000000 00000000 00000000 00000000
000000a05b30  00000000 00000000 00000000 00000000
000000a05b40  00000000 00000000 00000000 00000000
000000a05b50  00000000 00000000 00000000 00000000
000000a05b60  00000000 00000000 00000000 00000000
000000a05b70  00000000 00000000 00000000 00000000
000000a05b80  00000000 00000000 00000000 00000000
000000a05b90  00000000 00000000 00000000 00000000
000000a05ba0  00000000 00000000 00000000 00000000
000000a05bb0  00000000 00000000 00000000 00000000
000000a05bc0  00000000 00000000 00000000 00000000
000000a05bd0  00000000 00000000 00000000 00000000
000000a05be0  00000000 00000000 00000000 00000000
000000a05bf0  00000000 00000000 00000000 00000000
000000a05c00  00000000 00000000 00000000 00000000
000000a05c10  00000000 00000000 00000000 00000000
000000a05c20  00000000 00000000 00000000 00000000
000000a05c30  00000000 00000000 00000000 00000000
000000a05c40  00000000 00000000 00000000 00000000
000000a05c50  00000000 00000000 00000000 00000000
000000a05c60  00000000 00000000 00000000 00000000
000000a05c70  00000000 00000000 00000000 00000000
000000a05c80  00000000 00000000 00000000 00000000
000000a05c90  00000000 00000000 00000000 00000000
000000a05ca0  00000000 00000000 00000000 00000000
000000a05cb0  00000000 00000000 00000000 00000000
000000a05cc0  00000000 00000000 00000000 00000000
000000a05cd0  00000000 00000000 00000000 00000000
000000a05ce0  00000000 00000000 00000000 00000000
000000a05cf0  00000000 00000000 00000000 00000000
000000a05d00  00000000 00000000 00000000 00000000
000000a05d10  00000000 00000000 00000000 00000000
000000a05d20  00000000 00000000 00000000 00000000
000000a05d30  00000000 00000000 00000000 00000000
000000a05d40  00000000 00000000 00000000 00000000
000000a05d50  00000000 00000000 00000000 00000000
000000a05d60  00000000 00000000 00000000 00000000
000000a05d70  00000000 00000000 00000000 00000000
000000a05d80  00000000 00000000 00000000 00000000
000000a05d90  00000000 00000000 00000000 00000000
000000a05da0  00000000 00000000 00000000 00000000
000000a05db0  00000000 00000000 00000000 00000000
000000a05dc0  00000000 00000000 00000000 00000000
000000a05dd0  00000000 00000000 00000000 00000000
000000a05de0  00000000 00000000 00000000 00000000
000000a05df0  00000000 00000000 00000000 00000000
000000a05e00  00000000 00000000 00000000 00000000
000000a05e10  00000000 00000000 00000000 00000000
000000a05e20  00000000 00000000 00000000 00000000
000000a05e30  00000000 00000000 00000000 00000000
000000a05e40  00000000 00000000 00000000 00000000
000000a05e50  00000000 00000000 00000000 00000000
000000a05e60  00000000 00000000 00000000 00000000
000000a05e70  00000000 00000000 00000000 00000000
000000a05e80  00000000 00000000 00000000 00000000
000000a05e90  00000000 00000000 00000000 00000000
000000a05ea0  00000000 00000000 00000000 00000000
000000a05eb0  00000000 00000000 00000000 00000000
000000a05ec0  00000000 00000000 00000000 00000000
000000a05ed0  00000000 00000000 00000000 00000000
000000a05ee0  00000000 00000000 00000000 00000000
000000a05ef0  00000000 00000000 00000000 00000000
000000a05f00  00000000 00000000 00000000 00000000
000000a05f10  00000000 00000000 00000000 00000000
000000a05f20  00000000 00000000 00000000 00000000
000000a05f30  00000000 00000000 00000000 00000000
000000a05f40  00000000 00000000 00000000 00000000
000000a05f50  00000000 00000000 00000000 00000000
000000a05f60  00000000 00000000 00000000 00000000
000000a05f70  00000000 00000000 00000000 00000000
000000a05f80  00000000 00000000 00000000 00000000
000000a05f90  00000000 00000000 00000000 00000000
000000a05fa0  00000000 00000000 00000000 00000000
000000a05fb0  00000000 00000000 00000000 00000000
000000a05fc0  00000000 00000000 00000000 00000000
000000a05fd0  00000000 00000000 00000000 00000000
000000a05fe0  00000000 00000000 00000000 00000000
000000a05ff0  00000000 00000000 00000000 00000000
