
000000a06000  00000000 00000000 00000000 00000000
000000a06010  00000000 00000000 00000000 00000000
000000a06020  00000000 00000000 00000000 00000000
000000a06030  00000000 00000000 00000000 00000000
000000a06040  00000000 00000000 00000000 00000000
000000a06050  00000000 00000000 00000000 00000000
000000a06060  00000000 00000000 00000000 00000000
000000a06070  00000000 00000000 00000000 00000000
000000a06080  00000000 00000000 00000000 00000000
000000a06090  00000000 00000000 00000000 00000000
000000a060a0  00000000 00000000 00000000 00000000
000000a060b0  00000000 00000000 00000000 00000000
000000a060c0  00000000 00000000 00000000 00000000
000000a060d0  00000000 00000000 00000000 00000000
000000a060e0  00000000 00000000 00000000 00000000
000000a060f0  00000000 00000000 00000000 00000000
000000a06100  00000000 00000000 00000000 00000000
000000a06110  00000000 00000000 00000000 00000000
000000a06120  00000000 00000000 00000000 00000000
000000a06130  00000000 00000000 00000000 00000000
000000a06140  00000000 00000000 00000000 00000000
000000a06150  00000000 00000000 00000000 00000000
000000a06160  00000000 00000000 00000000 00000000
000000a06170  00000000 00000000 00000000 00000000
000000a06180  00000000 00000000 00000000 00000000
000000a06190  00000000 00000000 00000000 00000000
000000a061a0  00000000 00000000 00000000 00000000
000000a061b0  00000000 00000000 00000000 00000000
000000a061c0  00000000 00000000 00000000 00000000
000000a061d0  00000000 00000000 00000000 00000000
000000a061e0  00000000 00000000 00000000 00000000
000000a061f0  00000000 00000000 00000000 00000000
000000a06200  00000000 00000000 00000000 00000000
000000a06210  00000000 00000000 00000000 00000000
000000a06220  00000000 00000000 00000000 00000000
000000a06230  00000000 00000000 00000000 00000000
000000a06240  00000000 00000000 00000000 00000000
000000a06250  00000000 00000000 00000000 00000000
000000a06260  00000000 00000000 00000000 00000000
000000a06270  00000000 00000000 00000000 00000000
000000a06280  00000000 00000000 00000000 00000000
000000a06290  00000000 00000000 00000000 00000000
000000a062a0  00000000 00000000 00000000 00000000
000000a062b0  00000000 00000000 00000000 00000000
000000a062c0  00000000 00000000 00000000 00000000
000000a062d0  00000000 00000000 00000000 00000000
000000a062e0  00000000 00000000 00000000 00000000
000000a062f0  00000000 00000000 00000000 00000000
000000a06300  00000000 00000000 00000000 00000000
000000a06310  00000000 00000000 00000000 00000000
000000a06320  00000000 00000000 00000000 00000000
000000a06330  00000000 00000000 00000000 00000000
000000a06340  00000000 00000000 00000000 00000000
000000a06350  00000000 00000000 00000000 00000000
000000a06360  00000000 00000000 00000000 00000000
000000a06370  00000000 00000000 00000000 00000000
000000a06380  00000000 00000000 00000000 00000000
000000a06390  00000000 00000000 00000000 00000000
000000a063a0  00000000 00000000 00000000 00000000
000000a063b0  00000000 00000000 00000000 00000000
000000a063c0  00000000 00000000 00000000 00000000
000000a063d0  00000000 00000000 00000000 00000000
000000a063e0  00000000 00000000 00000000 00000000
000000a063f0  00000000 00000000 00000000 00000000
000000a06400  00000000 00000000 00000000 00000000
000000a06410  00000000 00000000 00000000 00000000
000000a06420  00000000 00000000 00000000 00000000
000000a06430  00000000 00000000 00000000 00000000
000000a06440  00000000 00000000 00000000 00000000
000000a06450  00000000 00000000 00000000 00000000
000000a06460  00000000 00000000 00000000 00000000
000000a06470  00000000 00000000 00000000 00000000
000000a06480  00000000 00000000 00000000 00000000
000000a06490  00000000 00000000 00000000 00000000
000000a064a0  00000000 00000000 00000000 00000000
000000a064b0  00000000 00000000 00000000 00000000
000000a064c0  00000000 00000000 00000000 00000000
000000a064d0  00000000 00000000 00000000 00000000
000000a064e0  00000000 00000000 00000000 00000000
000000a064f0  00000000 00000000 00000000 00000000
000000a06500  00000000 00000000 00000000 00000000
000000a06510  00000000 00000000 00000000 00000000
000000a06520  00000000 00000000 00000000 00000000
000000a06530  00000000 00000000 00000000 00000000
000000a06540  00000000 00000000 00000000 00000000
000000a06550  00000000 00000000 00000000 00000000
000000a06560  00000000 00000000 00000000 00000000
000000a06570  00000000 00000000 00000000 00000000
000000a06580  00000000 00000000 00000000 00000000
000000a06590  00000000 00000000 00000000 00000000
000000a065a0  00000000 00000000 00000000 00000000
000000a065b0  00000000 00000000 00000000 00000000
000000a065c0  00000000 00000000 00000000 00000000
000000a065d0  00000000 00000000 00000000 00000000
000000a065e0  00000000 00000000 00000000 00000000
000000a065f0  00000000 00000000 00000000 00000000
000000a06600  00000000 00000000 00000000 00000000
000000a06610  00000000 00000000 00000000 00000000
000000a06620  00000000 00000000 00000000 00000000
000000a06630  00000000 00000000 00000000 00000000
000000a06640  00000000 00000000 00000000 00000000
000000a06650  00000000 00000000 00000000 00000000
000000a06660  00000000 00000000 00000000 00000000
000000a06670  00000000 00000000 00000000 00000000
000000a06680  00000000 00000000 00000000 00000000
000000a06690  00000000 00000000 00000000 00000000
000000a066a0  00000000 00000000 00000000 00000000
000000a066b0  00000000 00000000 00000000 00000000
000000a066c0  00000000 00000000 00000000 00000000
000000a066d0  00000000 00000000 00000000 00000000
000000a066e0  00000000 00000000 00000000 00000000
000000a066f0  00000000 00000000 00000000 00000000
000000a06700  00000000 00000000 00000000 00000000
000000a06710  00000000 00000000 00000000 00000000
000000a06720  00000000 00000000 00000000 00000000
000000a06730  00000000 00000000 00000000 00000000
000000a06740  00000000 00000000 00000000 00000000
000000a06750  00000000 00000000 00000000 00000000
000000a06760  00000000 00000000 00000000 00000000
000000a06770  00000000 00000000 00000000 00000000
000000a06780  00000000 00000000 00000000 00000000
000000a06790  00000000 00000000 00000000 00000000
000000a067a0  00000000 00000000 00000000 00000000
000000a067b0  00000000 00000000 00000000 00000000
000000a067c0  00000000 00000000 00000000 00000000
000000a067d0  00000000 00000000 00000000 00000000
000000a067e0  00000000 00000000 00000000 00000000
000000a067f0  00000000 00000000 00000000 00000000
000000a06800  00000000 00000000 00000000 00000000
000000a06810  00000000 00000000 00000000 00000000
000000a06820  00000000 00000000 00000000 00000000
000000a06830  00000000 00000000 00000000 00000000
000000a06840  00000000 00000000 00000000 00000000
000000a06850  00000000 00000000 00000000 00000000
000000a06860  00000000 00000000 00000000 00000000
000000a06870  00000000 00000000 00000000 00000000
000000a06880  00000000 00000000 00000000 00000000
000000a06890  00000000 00000000 00000000 00000000
000000a068a0  00000000 00000000 00000000 00000000
000000a068b0  00000000 00000000 00000000 00000000
000000a068c0  00000000 00000000 00000000 00000000
000000a068d0  00000000 00000000 00000000 00000000
000000a068e0  00000000 00000000 00000000 00000000
000000a068f0  00000000 00000000 00000000 00000000
000000a06900  009ee850 00000000 00000000 00000000
000000a06910  009d5010 00000000 000004a1 00000000
000000a06920  c5f79000 00007fc7 009e4f40 00000000
000000a06930  c618ee00 00007fc7 00000000 00000000
000000a06940  009e7760 00000000 00a06920 00000000
000000a06950  00000000 00000000 00a06d90 00000000
000000a06960  00000000 00000000 c618ee00 00007fc7
000000a06970  c618eeb0 00007fc7 c618eea0 00007fc7
000000a06980  c618ee40 00007fc7 c618ee60 00007fc7
000000a06990  c618ee70 00007fc7 c618eee0 00007fc7
000000a069a0  c618eef0 00007fc7 c618ef00 00007fc7
000000a069b0  c618ee80 00007fc7 c618ee90 00007fc7
000000a069c0  c618ee20 00007fc7 c618ee30 00007fc7
000000a069d0  c618ee10 00007fc7 00000000 00000000
000000a069e0  00000000 00000000 00000000 00000000
000000a069f0  00000000 00000000 00000000 00000000
000000a06a00  c618eec0 00007fc7 00000000 00000000
000000a06a10  00000000 00000000 c618eed0 00007fc7
000000a06a20  00000000 00000000 00000000 00000000
000000a06a30  00000000 00000000 00000000 00000000
000000a06a40  00000000 00000000 00000000 00000000
000000a06a50  00000000 00000000 00000000 00000000
000000a06a60  00000000 00000000 00000000 00000000
000000a06a70  c618ef40 00007fc7 c618ef30 00007fc7
000000a06a80  c618ef20 00007fc7 c618ef10 00007fc7
000000a06a90  00000000 00000000 00000000 00000000
000000a06aa0  c618ef60 00007fc7 00000000 00000000
000000a06ab0  00000000 00000000 00000000 00000000
000000a06ac0  00000000 00000000 00000000 00000000
000000a06ad0  00000000 00000000 00000000 00000000
000000a06ae0  00000000 00000000 c618ef50 00007fc7
000000a06af0  00000000 00000000 00000000 00000000
000000a06b00  00000000 00000000 00000000 00000000
000000a06b10  00000000 00000000 00000000 00000000
000000a06b20  00000000 00000000 00000000 00000000
000000a06b30  00000000 00000000 00000000 00000000
000000a06b40  00000000 00000000 00000000 00000000
000000a06b50  00000000 00000000 00000000 00000000
000000a06b60  00000000 00000000 00000000 00000000
000000a06b70  00000000 00000000 00000000 00000000
000000a06b80  00000000 00000000 00000000 00000000
000000a06b90  00000000 00000000 00000000 00000000
000000a06ba0  00000000 00000000 00000000 00000000
000000a06bb0  00000000 00000000 c618ee50 00007fc7
000000a06bc0  c5f79040 00007fc7 c5f7bd80 00007fc7
000000a06bd0  001c0007 00000000 009efac0 00000000
000000a06be0  00000003 00000000 00a06d88 00000000
000000a06bf0  00000000 00000000 00000000 00000000
000000a06c00  009ee650 00000000 0000000c 00000083
000000a06c10  0000000f 0000000a c5f796a8 00007fc7
000000a06c20  c5f79728 00007fc7 c5f798e0 00007fc7
000000a06c30  00000001 0000400e 00000000 00000000
000000a06c40  00000000 00000000 00000000 00000000
000000a06c50  c5f7b2f8 00007fc7 009f00d0 00000000
000000a06c60  c5f79000 00007fc7 c618f3f8 00007fc7
000000a06c70  c5f8f000 00007fc7 c91e63e0 00007fc7
000000a06c80  00a06bd8 00000000 00000000 00000000
000000a06c90  00000000 00000000 00000004 00000000
000000a06ca0  00a06c78 00000000 00a06bd8 00000000
000000a06cb0  00000000 00000000 00000802 00000000
000000a06cc0  00031514 00000000 00000000 00000000
000000a06cd0  00000000 00000000 009efaa0 00000000
000000a06ce0  00000000 00000000 00000000 00000001
000000a06cf0  00000000 00000000 00000000 00000000
000000a06d00  00000000 00000000 00000000 00000000
000000a06d10  00000000 00000000 c5f79cd8 00007fc7
000000a06d20  00000000 00000000 c91e3970 00007fc7
000000a06d30  c8b929a0 00007fc7 00000000 00000000
000000a06d40  00000000 00000000 00000000 00000000
000000a06d50  00000000 00000000 00000000 00000000
000000a06d60  00000000 00000000 00000000 00000000
000000a06d70  00215dd8 00000000 00000228 00000000
000000a06d80  00000011 00000000 00000000 00000000
000000a06d90  00a06da8 00000000 00000000 00000000
000000a06da0  00000001 00000000 6762696c 735f6363
000000a06db0  2e6f732e 00000031 0001d251 00000000
000000a06dc0  c7191700 00007fc7 00000000 00000000
000000a06dd0  00000000 00000000 00000000 00000000
000000a06de0  00000000 00000000 00000000 00000000
000000a06df0  00000000 00000000 00000000 00000000
000000a06e00  00000000 00000000 00000000 00000000
000000a06e10  00000000 00000000 00000000 00000000
000000a06e20  00000000 00000000 00000000 00000000
000000a06e30  00000000 00000000 00000000 00000000
000000a06e40  00000000 00000000 00000000 00000000
000000a06e50  00000000 00000000 00000000 00000000
000000a06e60  00000000 00000000 00000000 00000000
000000a06e70  00000000 00000000 00000000 00000000
000000a06e80  00000000 00000000 00000000 00000000
000000a06e90  00000000 00000000 00000000 00000000
000000a06ea0  00000000 00000000 00000000 00000000
000000a06eb0  00000000 00000000 00000000 00000000
000000a06ec0  00000000 00000000 00000000 00000000
000000a06ed0  00000000 00000000 00000000 00000000
000000a06ee0  00000000 00000000 00000000 00000000
000000a06ef0  00000000 00000000 00000000 00000000
000000a06f00  00000000 00000000 00000000 00000000
000000a06f10  00000000 00000000 00000000 00000000
000000a06f20  00000000 00000000 00000000 00000000
000000a06f30  00000000 00000000 00000000 00000000
000000a06f40  00000000 00000000 00000000 00000000
000000a06f50  00000000 00000000 00000000 00000000
000000a06f60  00000000 00000000 00000000 00000000
000000a06f70  00000000 00000000 00000000 00000000
000000a06f80  00000000 00000000 00000000 00000000
000000a06f90  00000000 00000000 00000000 00000000
000000a06fa0  00000000 00000000 00000000 00000000
000000a06fb0  00000000 00000000 00000000 00000000
000000a06fc0  00000000 00000000 00000000 00000000
000000a06fd0  00000000 00000000 00000000 00000000
000000a06fe0  00000000 00000000 00000000 00000000
000000a06ff0  00000000 00000000 00000000 00000000
