
000000a07000  00000000 00000000 00000000 00000000
000000a07010  00000000 00000000 00000000 00000000
000000a07020  00000000 00000000 00000000 00000000
000000a07030  00000000 00000000 00000000 00000000
000000a07040  00000000 00000000 00000000 00000000
000000a07050  00000000 00000000 00000000 00000000
000000a07060  00000000 00000000 00000000 00000000
000000a07070  00000000 00000000 00000000 00000000
000000a07080  00000000 00000000 00000000 00000000
000000a07090  00000000 00000000 00000000 00000000
000000a070a0  00000000 00000000 00000000 00000000
000000a070b0  00000000 00000000 00000000 00000000
000000a070c0  00000000 00000000 00000000 00000000
000000a070d0  00000000 00000000 00000000 00000000
000000a070e0  00000000 00000000 00000000 00000000
000000a070f0  00000000 00000000 00000000 00000000
000000a07100  00000000 00000000 00000000 00000000
000000a07110  00000000 00000000 00000000 00000000
000000a07120  00000000 00000000 00000000 00000000
000000a07130  00000000 00000000 00000000 00000000
000000a07140  00000000 00000000 00000000 00000000
000000a07150  00000000 00000000 00000000 00000000
000000a07160  00000000 00000000 00000000 00000000
000000a07170  00000000 00000000 00000000 00000000
000000a07180  00000000 00000000 00000000 00000000
000000a07190  00000000 00000000 00000000 00000000
000000a071a0  00000000 00000000 00000000 00000000
000000a071b0  00000000 00000000 00000000 00000000
000000a071c0  00000000 00000000 00000000 00000000
000000a071d0  00000000 00000000 00000000 00000000
000000a071e0  00000000 00000000 00000000 00000000
000000a071f0  00000000 00000000 00000000 00000000
000000a07200  00000000 00000000 00000000 00000000
000000a07210  00000000 00000000 00000000 00000000
000000a07220  00000000 00000000 00000000 00000000
000000a07230  00000000 00000000 00000000 00000000
000000a07240  00000000 00000000 00000000 00000000
000000a07250  00000000 00000000 00000000 00000000
000000a07260  00000000 00000000 00000000 00000000
000000a07270  00000000 00000000 00000000 00000000
000000a07280  00000000 00000000 00000000 00000000
000000a07290  00000000 00000000 00000000 00000000
000000a072a0  00000000 00000000 00000000 00000000
000000a072b0  00000000 00000000 00000000 00000000
000000a072c0  00000000 00000000 00000000 00000000
000000a072d0  00000000 00000000 00000000 00000000
000000a072e0  00000000 00000000 00000000 00000000
000000a072f0  00000000 00000000 00000000 00000000
000000a07300  00000000 00000000 00000000 00000000
000000a07310  00000000 00000000 00000000 00000000
000000a07320  00000000 00000000 00000000 00000000
000000a07330  00000000 00000000 00000000 00000000
000000a07340  00000000 00000000 00000000 00000000
000000a07350  00000000 00000000 00000000 00000000
000000a07360  00000000 00000000 00000000 00000000
000000a07370  00000000 00000000 00000000 00000000
000000a07380  00000000 00000000 00000000 00000000
000000a07390  00000000 00000000 00000000 00000000
000000a073a0  00000000 00000000 00000000 00000000
000000a073b0  00000000 00000000 00000000 00000000
000000a073c0  00000000 00000000 00000000 00000000
000000a073d0  00000000 00000000 00000000 00000000
000000a073e0  00000000 00000000 00000000 00000000
000000a073f0  00000000 00000000 00000000 00000000
000000a07400  00000000 00000000 00000000 00000000
000000a07410  00000000 00000000 00000000 00000000
000000a07420  00000000 00000000 00000000 00000000
000000a07430  00000000 00000000 00000000 00000000
000000a07440  00000000 00000000 00000000 00000000
000000a07450  00000000 00000000 00000000 00000000
000000a07460  00000000 00000000 00000000 00000000
000000a07470  00000000 00000000 00000000 00000000
000000a07480  00000000 00000000 00000000 00000000
000000a07490  00000000 00000000 00000000 00000000
000000a074a0  00000000 00000000 00000000 00000000
000000a074b0  00000000 00000000 00000000 00000000
000000a074c0  00000000 00000000 00000000 00000000
000000a074d0  00000000 00000000 00000000 00000000
000000a074e0  00000000 00000000 00000000 00000000
000000a074f0  00000000 00000000 00000000 00000000
000000a07500  00000000 00000000 00000000 00000000
000000a07510  00000000 00000000 00000000 00000000
000000a07520  00000000 00000000 00000000 00000000
000000a07530  00000000 00000000 00000000 00000000
000000a07540  00000000 00000000 00000000 00000000
000000a07550  00000000 00000000 00000000 00000000
000000a07560  00000000 00000000 00000000 00000000
000000a07570  00000000 00000000 00000000 00000000
000000a07580  00000000 00000000 00000000 00000000
000000a07590  00000000 00000000 00000000 00000000
000000a075a0  00000000 00000000 00000000 00000000
000000a075b0  00000000 00000000 00000000 00000000
000000a075c0  00000000 00000000 00000000 00000000
000000a075d0  00000000 00000000 00000000 00000000
000000a075e0  00000000 00000000 00000000 00000000
000000a075f0  00000000 00000000 00000000 00000000
000000a07600  00000000 00000000 00000000 00000000
000000a07610  00000000 00000000 00000000 00000000
000000a07620  00000000 00000000 00000000 00000000
000000a07630  00000000 00000000 00000000 00000000
000000a07640  00000000 00000000 00000000 00000000
000000a07650  00000000 00000000 00000000 00000000
000000a07660  00000000 00000000 00000000 00000000
000000a07670  00000000 00000000 00000000 00000000
000000a07680  00000000 00000000 00000000 00000000
000000a07690  00000000 00000000 00000000 00000000
000000a076a0  00000000 00000000 00000000 00000000
000000a076b0  00000000 00000000 00000000 00000000
000000a076c0  00000000 00000000 00000000 00000000
000000a076d0  00000000 00000000 00000000 00000000
000000a076e0  00000000 00000000 00000000 00000000
000000a076f0  00000000 00000000 00000000 00000000
000000a07700  00000000 00000000 00000000 00000000
000000a07710  00000000 00000000 00000000 00000000
000000a07720  00000000 00000000 00000000 00000000
000000a07730  00000000 00000000 00000000 00000000
000000a07740  00000000 00000000 00000000 00000000
000000a07750  00000000 00000000 00000000 00000000
000000a07760  00000000 00000000 00000000 00000000
000000a07770  00000000 00000000 00000000 00000000
000000a07780  00000000 00000000 00000000 00000000
000000a07790  00000000 00000000 00000000 00000000
000000a077a0  00000000 00000000 00000000 00000000
000000a077b0  00000000 00000000 00000000 00000000
000000a077c0  00000000 00000000 00000000 00000000
000000a077d0  00000000 00000000 00000000 00000000
000000a077e0  00000000 00000000 00000000 00000000
000000a077f0  00000000 00000000 00000000 00000000
000000a07800  00000000 00000000 00000000 00000000
000000a07810  00000000 00000000 00000000 00000000
000000a07820  00000000 00000000 00000000 00000000
000000a07830  00000000 00000000 00000000 00000000
000000a07840  00000000 00000000 00000000 00000000
000000a07850  00000000 00000000 00000000 00000000
000000a07860  00000000 00000000 00000000 00000000
000000a07870  00000000 00000000 00000000 00000000
000000a07880  00000000 00000000 00000000 00000000
000000a07890  00000000 00000000 00000000 00000000
000000a078a0  00000000 00000000 00000000 00000000
000000a078b0  00000000 00000000 00000000 00000000
000000a078c0  00000000 00000000 00000000 00000000
000000a078d0  00000000 00000000 00000000 00000000
000000a078e0  00000000 00000000 00000000 00000000
000000a078f0  00000000 00000000 00000000 00000000
000000a07900  00000000 00000000 00000000 00000000
000000a07910  00000000 00000000 00000000 00000000
000000a07920  00000000 00000000 00000000 00000000
000000a07930  00000000 00000000 00000000 00000000
000000a07940  00000000 00000000 00000000 00000000
000000a07950  00000000 00000000 00000000 00000000
000000a07960  00000000 00000000 00000000 00000000
000000a07970  00000000 00000000 00000000 00000000
000000a07980  00000000 00000000 00000000 00000000
000000a07990  00000000 00000000 00000000 00000000
000000a079a0  00000000 00000000 00000000 00000000
000000a079b0  00000000 00000000 00000000 00000000
000000a079c0  00000000 00000000 00000000 00000000
000000a079d0  00000000 00000000 00000000 00000000
000000a079e0  00000000 00000000 00000000 00000000
000000a079f0  00000000 00000000 00000000 00000000
000000a07a00  00000000 00000000 00000000 00000000
000000a07a10  00000000 00000000 00000000 00000000
000000a07a20  00000000 00000000 00000000 00000000
000000a07a30  00000000 00000000 00000000 00000000
000000a07a40  00000000 00000000 00000000 00000000
000000a07a50  00000000 00000000 00000000 00000000
000000a07a60  00000000 00000000 00000000 00000000
000000a07a70  00000000 00000000 00000000 00000000
000000a07a80  00000000 00000000 00000000 00000000
000000a07a90  00000000 00000000 00000000 00000000
000000a07aa0  00000000 00000000 00000000 00000000
000000a07ab0  00000000 00000000 00000000 00000000
000000a07ac0  00000000 00000000 00000000 00000000
000000a07ad0  00000000 00000000 00000000 00000000
000000a07ae0  00000000 00000000 00000000 00000000
000000a07af0  00000000 00000000 00000000 00000000
000000a07b00  00000000 00000000 00000000 00000000
000000a07b10  00000000 00000000 00000000 00000000
000000a07b20  00000000 00000000 00000000 00000000
000000a07b30  00000000 00000000 00000000 00000000
000000a07b40  00000000 00000000 00000000 00000000
000000a07b50  00000000 00000000 00000000 00000000
000000a07b60  00000000 00000000 00000000 00000000
000000a07b70  00000000 00000000 00000000 00000000
000000a07b80  00000000 00000000 00000000 00000000
000000a07b90  00000000 00000000 00000000 00000000
000000a07ba0  00000000 00000000 00000000 00000000
000000a07bb0  00000000 00000000 00000000 00000000
000000a07bc0  00000000 00000000 00000000 00000000
000000a07bd0  00000000 00000000 00000000 00000000
000000a07be0  00000000 00000000 00000000 00000000
000000a07bf0  00000000 00000000 00000000 00000000
000000a07c00  00000000 00000000 00000000 00000000
000000a07c10  00000000 00000000 00000000 00000000
000000a07c20  00000000 00000000 00000000 00000000
000000a07c30  00000000 00000000 00000000 00000000
000000a07c40  00000000 00000000 00000000 00000000
000000a07c50  00000000 00000000 00000000 00000000
000000a07c60  00000000 00000000 00000000 00000000
000000a07c70  00000000 00000000 00000000 00000000
000000a07c80  00000000 00000000 00000000 00000000
000000a07c90  00000000 00000000 00000000 00000000
000000a07ca0  00000000 00000000 00000000 00000000
000000a07cb0  00000000 00000000 00000000 00000000
000000a07cc0  00000000 00000000 00000000 00000000
000000a07cd0  00000000 00000000 00000000 00000000
000000a07ce0  00000000 00000000 00000000 00000000
000000a07cf0  00000000 00000000 00000000 00000000
000000a07d00  00000000 00000000 00000000 00000000
000000a07d10  00000000 00000000 00000000 00000000
000000a07d20  00000000 00000000 00000000 00000000
000000a07d30  00000000 00000000 00000000 00000000
000000a07d40  00000000 00000000 00000000 00000000
000000a07d50  00000000 00000000 00000000 00000000
000000a07d60  00000000 00000000 00000000 00000000
000000a07d70  00000000 00000000 00000000 00000000
000000a07d80  00000000 00000000 00000000 00000000
000000a07d90  00000000 00000000 00000000 00000000
000000a07da0  00000000 00000000 00000000 00000000
000000a07db0  00000000 00000000 00000000 00000000
000000a07dc0  00000000 00000000 00000000 00000000
000000a07dd0  00000000 00000000 00000000 00000000
000000a07de0  00000000 00000000 00000000 00000000
000000a07df0  00000000 00000000 00000000 00000000
000000a07e00  00000000 00000000 00000000 00000000
000000a07e10  00000000 00000000 00000000 00000000
000000a07e20  00000000 00000000 00000000 00000000
000000a07e30  00000000 00000000 00000000 00000000
000000a07e40  00000000 00000000 00000000 00000000
000000a07e50  00000000 00000000 00000000 00000000
000000a07e60  00000000 00000000 00000000 00000000
000000a07e70  00000000 00000000 00000000 00000000
000000a07e80  00000000 00000000 00000000 00000000
000000a07e90  00000000 00000000 00000000 00000000
000000a07ea0  00000000 00000000 00000000 00000000
000000a07eb0  00000000 00000000 00000000 00000000
000000a07ec0  00000000 00000000 00000000 00000000
000000a07ed0  00000000 00000000 00000000 00000000
000000a07ee0  00000000 00000000 00000000 00000000
000000a07ef0  00000000 00000000 00000000 00000000
000000a07f00  00000000 00000000 00000000 00000000
000000a07f10  00000000 00000000 00000000 00000000
000000a07f20  00000000 00000000 00000000 00000000
000000a07f30  00000000 00000000 00000000 00000000
000000a07f40  00000000 00000000 00000000 00000000
000000a07f50  00000000 00000000 00000000 00000000
000000a07f60  00000000 00000000 00000000 00000000
000000a07f70  00000000 00000000 00000000 00000000
000000a07f80  00000000 00000000 00000000 00000000
000000a07f90  00000000 00000000 00000000 00000000
000000a07fa0  00000000 00000000 00000000 00000000
000000a07fb0  00000000 00000000 00000000 00000000
000000a07fc0  00000000 00000000 00000000 00000000
000000a07fd0  00000000 00000000 00000000 00000000
000000a07fe0  00000000 00000000 00000000 00000000
000000a07ff0  00000000 00000000 00000000 00000000
