
000000a08000  00000000 00000000 00000000 00000000
000000a08010  00000000 00000000 00000000 00000000
000000a08020  00000000 00000000 00000000 00000000
000000a08030  00000000 00000000 00000000 00000000
000000a08040  00000000 00000000 00000000 00000000
000000a08050  00000000 00000000 00000000 00000000
000000a08060  00000000 00000000 00000000 00000000
000000a08070  00000000 00000000 00000000 00000000
000000a08080  00000000 00000000 00000000 00000000
000000a08090  00000000 00000000 00000000 00000000
000000a080a0  00000000 00000000 00000000 00000000
000000a080b0  00000000 00000000 00000000 00000000
000000a080c0  00000000 00000000 00000000 00000000
000000a080d0  00000000 00000000 00000000 00000000
000000a080e0  00000000 00000000 00000000 00000000
000000a080f0  00000000 00000000 00000000 00000000
000000a08100  00000000 00000000 00000000 00000000
000000a08110  00000000 00000000 00000000 00000000
000000a08120  00000000 00000000 00000000 00000000
000000a08130  00000000 00000000 00000000 00000000
000000a08140  00000000 00000000 00000000 00000000
000000a08150  00000000 00000000 00000000 00000000
000000a08160  00000000 00000000 00000000 00000000
000000a08170  00000000 00000000 00000000 00000000
000000a08180  00000000 00000000 00000000 00000000
000000a08190  00000000 00000000 00000000 00000000
000000a081a0  00000000 00000000 00000000 00000000
000000a081b0  00000000 00000000 00000000 00000000
000000a081c0  00000000 00000000 00000000 00000000
000000a081d0  00000000 00000000 00000000 00000000
000000a081e0  00000000 00000000 00000000 00000000
000000a081f0  00000000 00000000 00000000 00000000
000000a08200  00000000 00000000 00000000 00000000
000000a08210  00000000 00000000 00000000 00000000
000000a08220  00000000 00000000 00000000 00000000
000000a08230  00000000 00000000 00000000 00000000
000000a08240  00000000 00000000 00000000 00000000
000000a08250  00000000 00000000 00000000 00000000
000000a08260  00000000 00000000 00000000 00000000
000000a08270  00000000 00000000 00000000 00000000
000000a08280  00000000 00000000 00000000 00000000
000000a08290  00000000 00000000 00000000 00000000
000000a082a0  00000000 00000000 00000000 00000000
000000a082b0  00000000 00000000 00000000 00000000
000000a082c0  00000000 00000000 00000000 00000000
000000a082d0  00000000 00000000 00000000 00000000
000000a082e0  00000000 00000000 00000000 00000000
000000a082f0  00000000 00000000 00000000 00000000
000000a08300  00000000 00000000 00000000 00000000
000000a08310  00000000 00000000 00000000 00000000
000000a08320  00000000 00000000 00000000 00000000
000000a08330  00000000 00000000 00000000 00000000
000000a08340  00000000 00000000 00000000 00000000
000000a08350  00000000 00000000 00000000 00000000
000000a08360  00000000 00000000 00000000 00000000
000000a08370  00000000 00000000 00000000 00000000
000000a08380  00000000 00000000 00000000 00000000
000000a08390  00000000 00000000 00000000 00000000
000000a083a0  00000000 00000000 00000000 00000000
000000a083b0  00000000 00000000 00000000 00000000
000000a083c0  00000000 00000000 00000000 00000000
000000a083d0  00000000 00000000 00000000 00000000
000000a083e0  00000000 00000000 00000000 00000000
000000a083f0  00000000 00000000 00000000 00000000
000000a08400  00000000 00000000 00000000 00000000
000000a08410  00000000 00000000 00000000 00000000
000000a08420  00000000 00000000 00000000 00000000
000000a08430  00000000 00000000 00000000 00000000
000000a08440  00000000 00000000 00000000 00000000
000000a08450  00000000 00000000 00000000 00000000
000000a08460  00000000 00000000 00000000 00000000
000000a08470  00000000 00000000 00000000 00000000
000000a08480  00000000 00000000 00000000 00000000
000000a08490  00000000 00000000 00000000 00000000
000000a084a0  00000000 00000000 00000000 00000000
000000a084b0  00000000 00000000 00000000 00000000
000000a084c0  00000000 00000000 00000000 00000000
000000a084d0  00000000 00000000 00000000 00000000
000000a084e0  00000000 00000000 00000000 00000000
000000a084f0  00000000 00000000 00000000 00000000
000000a08500  00000000 00000000 00000000 00000000
000000a08510  00000000 00000000 00000000 00000000
000000a08520  00000000 00000000 00000000 00000000
000000a08530  00000000 00000000 00000000 00000000
000000a08540  009ef350 00000000 00000000 00000000
000000a08550  00a05180 00000000 0001bab1 00000000
000000a08560  00000000 00000000 00000000 00000000
000000a08570  00000000 00000000 00000000 00000000
000000a08580  00000000 00000000 00000000 00000000
000000a08590  00000000 00000000 00000000 00000000
000000a085a0  00000000 00000000 00000000 00000000
000000a085b0  00000000 00000000 00000000 00000000
000000a085c0  00000000 00000000 00000000 00000000
000000a085d0  00000000 00000000 00000000 00000000
000000a085e0  00000000 00000000 00000000 00000000
000000a085f0  00000000 00000000 00000000 00000000
000000a08600  00000000 00000000 00000000 00000000
000000a08610  00000000 00000000 00000000 00000000
000000a08620  00000000 00000000 00000000 00000000
000000a08630  00000000 00000000 00000000 00000000
000000a08640  00000000 00000000 00000000 00000000
000000a08650  00000000 00000000 00000000 00000000
000000a08660  00000000 00000000 00000000 00000000
000000a08670  00000000 00000000 00000000 00000000
000000a08680  00000000 00000000 00000000 00000000
000000a08690  00000000 00000000 00000000 00000000
000000a086a0  00000000 00000000 00000000 00000000
000000a086b0  00000000 00000000 00000000 00000000
000000a086c0  00000000 00000000 00000000 00000000
000000a086d0  00000000 00000000 00000000 00000000
000000a086e0  00000000 00000000 00000000 00000000
000000a086f0  00000000 00000000 00000000 00000000
000000a08700  00000000 00000000 00000000 00000000
000000a08710  00000000 00000000 00000000 00000000
000000a08720  00000000 00000000 00000000 00000000
000000a08730  00000000 00000000 00000000 00000000
000000a08740  00000000 00000000 00000000 00000000
000000a08750  00000000 00000000 00000000 00000000
000000a08760  00000000 00000000 00000000 00000000
000000a08770  00000000 00000000 00000000 00000000
000000a08780  00000000 00000000 00000000 00000000
000000a08790  00000000 00000000 00000000 00000000
000000a087a0  00000000 00000000 00000000 00000000
000000a087b0  00000000 00000000 00000000 00000000
000000a087c0  00000000 00000000 00000000 00000000
000000a087d0  00000000 00000000 00000000 00000000
000000a087e0  00000000 00000000 00000000 00000000
000000a087f0  00000000 00000000 00000000 00000000
000000a08800  00000000 00000000 00000000 00000000
000000a08810  00000000 00000000 00000000 00000000
000000a08820  00000000 00000000 00000000 00000000
000000a08830  00000000 00000000 00000000 00000000
000000a08840  00000000 00000000 00000000 00000000
000000a08850  00000000 00000000 00000000 00000000
000000a08860  00000000 00000000 00000000 00000000
000000a08870  00000000 00000000 00000000 00000000
000000a08880  00000000 00000000 00000000 00000000
000000a08890  00000000 00000000 00000000 00000000
000000a088a0  00000000 00000000 00000000 00000000
000000a088b0  00000000 00000000 00000000 00000000
000000a088c0  00000000 00000000 00000000 00000000
000000a088d0  00000000 00000000 00000000 00000000
000000a088e0  00000000 00000000 00000000 00000000
000000a088f0  00000000 00000000 00000000 00000000
000000a08900  00000000 00000000 00000000 00000000
000000a08910  00000000 00000000 00000000 00000000
000000a08920  00000000 00000000 00000000 00000000
000000a08930  00000000 00000000 00000000 00000000
000000a08940  00000000 00000000 00000000 00000000
000000a08950  00000000 00000000 00000000 00000000
000000a08960  00000000 00000000 00000000 00000000
000000a08970  00000000 00000000 00000000 00000000
000000a08980  00000000 00000000 00000000 00000000
000000a08990  00000000 00000000 00000000 00000000
000000a089a0  00000000 00000000 00000000 00000000
000000a089b0  00000000 00000000 00000000 00000000
000000a089c0  00000000 00000000 00000000 00000000
000000a089d0  00000000 00000000 00000000 00000000
000000a089e0  00000000 00000000 00000000 00000000
000000a089f0  00000000 00000000 00000000 00000000
000000a08a00  00000000 00000000 00000000 00000000
000000a08a10  00000000 00000000 00000000 00000000
000000a08a20  00000000 00000000 00000000 00000000
000000a08a30  00000000 00000000 00000000 00000000
000000a08a40  00000000 00000000 00000000 00000000
000000a08a50  00000000 00000000 00000000 00000000
000000a08a60  00000000 00000000 00000000 00000000
000000a08a70  00000000 00000000 00000000 00000000
000000a08a80  00000000 00000000 00000000 00000000
000000a08a90  00000000 00000000 00000000 00000000
000000a08aa0  00000000 00000000 00000000 00000000
000000a08ab0  00000000 00000000 00000000 00000000
000000a08ac0  00000000 00000000 00000000 00000000
000000a08ad0  00000000 00000000 00000000 00000000
000000a08ae0  00000000 00000000 00000000 00000000
000000a08af0  00000000 00000000 00000000 00000000
000000a08b00  00000000 00000000 00000000 00000000
000000a08b10  00000000 00000000 00000000 00000000
000000a08b20  00000000 00000000 00000000 00000000
000000a08b30  00000000 00000000 00000000 00000000
000000a08b40  00000000 00000000 00000000 00000000
000000a08b50  00000000 00000000 00000000 00000000
000000a08b60  00000000 00000000 00000000 00000000
000000a08b70  00000000 00000000 00000000 00000000
000000a08b80  00000000 00000000 00000000 00000000
000000a08b90  00000000 00000000 00000000 00000000
000000a08ba0  00000000 00000000 00000000 00000000
000000a08bb0  00000000 00000000 00000000 00000000
000000a08bc0  00000000 00000000 00000000 00000000
000000a08bd0  00000000 00000000 00000000 00000000
000000a08be0  00000000 00000000 00000000 00000000
000000a08bf0  00000000 00000000 00000000 00000000
000000a08c00  00000000 00000000 00000000 00000000
000000a08c10  00000000 00000000 00000000 00000000
000000a08c20  00000000 00000000 00000000 00000000
000000a08c30  00000000 00000000 00000000 00000000
000000a08c40  00000000 00000000 00000000 00000000
000000a08c50  00000000 00000000 00000000 00000000
000000a08c60  00000000 00000000 00000000 00000000
000000a08c70  00000000 00000000 00000000 00000000
000000a08c80  00000000 00000000 00000000 00000000
000000a08c90  00000000 00000000 00000000 00000000
000000a08ca0  00000000 00000000 00000000 00000000
000000a08cb0  00000000 00000000 00000000 00000000
000000a08cc0  00000000 00000000 00000000 00000000
000000a08cd0  00000000 00000000 00000000 00000000
000000a08ce0  00000000 00000000 00000000 00000000
000000a08cf0  00000000 00000000 00000000 00000000
000000a08d00  00000000 00000000 00000000 00000000
000000a08d10  00000000 00000000 00000000 00000000
000000a08d20  00000000 00000000 00000000 00000000
000000a08d30  00000000 00000000 00000000 00000000
000000a08d40  00000000 00000000 00000000 00000000
000000a08d50  00000000 00000000 00000000 00000000
000000a08d60  00000000 00000000 00000000 00000000
000000a08d70  00000000 00000000 00000000 00000000
000000a08d80  00000000 00000000 00000000 00000000
000000a08d90  00000000 00000000 00000000 00000000
000000a08da0  00000000 00000000 00000000 00000000
000000a08db0  00000000 00000000 00000000 00000000
000000a08dc0  00000000 00000000 00000000 00000000
000000a08dd0  00000000 00000000 00000000 00000000
000000a08de0  00000000 00000000 00000000 00000000
000000a08df0  00000000 00000000 00000000 00000000
000000a08e00  00000000 00000000 00000000 00000000
000000a08e10  00000000 00000000 00000000 00000000
000000a08e20  00000000 00000000 00000000 00000000
000000a08e30  00000000 00000000 00000000 00000000
000000a08e40  00000000 00000000 00000000 00000000
000000a08e50  00000000 00000000 00000000 00000000
000000a08e60  00000000 00000000 00000000 00000000
000000a08e70  00000000 00000000 00000000 00000000
000000a08e80  00000000 00000000 00000000 00000000
000000a08e90  00000000 00000000 00000000 00000000
000000a08ea0  00000000 00000000 00000000 00000000
000000a08eb0  00000000 00000000 00000000 00000000
000000a08ec0  00000000 00000000 00000000 00000000
000000a08ed0  00000000 00000000 00000000 00000000
000000a08ee0  00000000 00000000 00000000 00000000
000000a08ef0  00000000 00000000 00000000 00000000
000000a08f00  00000000 00000000 00000000 00000000
000000a08f10  00000000 00000000 00000000 00000000
000000a08f20  00000000 00000000 00000000 00000000
000000a08f30  00000000 00000000 00000000 00000000
000000a08f40  00000000 00000000 00000000 00000000
000000a08f50  00000000 00000000 00000000 00000000
000000a08f60  00000000 00000000 00000000 00000000
000000a08f70  00000000 00000000 00000000 00000000
000000a08f80  00000000 00000000 00000000 00000000
000000a08f90  00000000 00000000 00000000 00000000
000000a08fa0  00000000 00000000 00000000 00000000
000000a08fb0  00000000 00000000 00000000 00000000
000000a08fc0  00000000 00000000 00000000 00000000
000000a08fd0  00000000 00000000 00000000 00000000
000000a08fe0  00000000 00000000 00000000 00000000
000000a08ff0  00000000 00000000 00000000 00000000
