
7fe154792000  00000000 00000000 00000000 00000000
7fe154792010  00000000 00000000 00000000 00000000
7fe154792020  547925a8 00007fe1 547930b8 00007fe1
7fe154792030  7b000002 045ebd5b 00000000 00000000
7fe154792040  00000000 00000000 00000000 00000000
7fe154792050  00000000 00000000 00000000 00000000
7fe154792060  00000000 00000000 00000000 00000000
7fe154792070  00000000 00000000 00000000 00000000
7fe154792080  00000000 00000000 00000000 00000000
7fe154792090  00000000 00000000 00000000 00000000
7fe1547920a0  00000000 00000000 00000000 00000000
7fe1547920b0  00000000 00000000 00000000 00000000
7fe1547920c0  00000000 00000000 00000000 00000000
7fe1547920d0  00000000 00000000 00000000 00000000
7fe1547920e0  00000000 00000000 00000000 00000000
7fe1547920f0  00000000 00000000 00000000 00000000
7fe154792100  00000000 00000000 00000000 00000000
7fe154792110  00000000 00000000 00000000 00000000
7fe154792120  00000000 00000000 00000000 00000000
7fe154792130  00000000 00000000 54794c70 00007fe1
7fe154792140  00000015 00000000 d6c9f62d 8a23dc4a
7fe154792150  53a0d7b0 00007fe1 00000030 ec060224
7fe154792160  bf020000 a4060000 14025dc0 fff3c9d6
7fe154792170  6b9d334e 2df6c9d6 00066e6f 2ef6c9d6
7fe154792180  3a3ae225 2ef6c9d6 c9cef625 00000000
7fe154792190  00000000 00000000 00000000 00000000
7fe1547921a0  00000000 00000000 00000000 00000000
7fe1547921b0  00000000 00000000 00000000 00000000
7fe1547921c0  00000000 00000000 00000000 00000000
7fe1547921d0  00000000 00000000 00000000 00000000
7fe1547921e0  00000000 00000000 00000000 00000000
7fe1547921f0  00000000 00000000 00000000 00000000
7fe154792200  00000000 00000000 00000000 00000000
7fe154792210  00000000 00000000 00000000 00000000
7fe154792220  00000000 00000000 00000000 00000000
7fe154792230  00000000 00000000 00000000 00000000
7fe154792240  00000000 00000000 00000000 00000000
7fe154792250  00000000 00000000 00000000 00000000
7fe154792260  00000000 00000000 00000000 00000000
7fe154792270  00000000 00000000 00000000 00000000
7fe154792280  00000000 00000000 00000000 00000000
7fe154792290  00000000 00000000 00000000 00000000
7fe1547922a0  00000000 00000000 00000000 00000000
7fe1547922b0  00000000 00000000 00000000 00000000
7fe1547922c0  00000000 00000000 00000000 00000000
7fe1547922d0  00000000 00000000 00000000 00000000
7fe1547922e0  00000000 00000000 00000000 00000000
7fe1547922f0  00000000 00000000 00000000 00000000
7fe154792300  00000000 00000000 00000000 00000000
7fe154792310  00000000 00000000 00000000 00000000
7fe154792320  00000000 00000000 00000000 00000000
7fe154792330  00000000 00000000 00000000 00000000
7fe154792340  00000000 00000000 00000000 00000000
7fe154792350  00000000 00000000 00000000 00000000
7fe154792360  00000000 00000000 00000000 00000000
7fe154792370  00000000 00000000 00000000 00000000
7fe154792380  00000000 00000000 00000000 00000000
7fe154792390  00000000 00000000 00000000 00000000
7fe1547923a0  00000000 00000000 00000000 00000000
7fe1547923b0  00000000 00000000 00000000 00000000
7fe1547923c0  00000000 00000000 00000000 00000000
7fe1547923d0  00000000 00000000 00000000 00000000
7fe1547923e0  00000000 00000000 00000000 00000000
7fe1547923f0  00000000 00000000 00000000 00000000
7fe154792400  00000000 00000000 00000000 00000000
7fe154792410  00000000 00000000 00000000 00000000
7fe154792420  00000000 00000000 00000000 00000000
7fe154792430  00000000 00000000 00000000 00000000
7fe154792440  00000000 00000000 00000000 00000000
7fe154792450  00000000 00000000 00000000 00000000
7fe154792460  00000000 00000000 00000000 00000000
7fe154792470  00000000 00000000 00000000 00000000
7fe154792480  00000000 00000000 00000000 00000000
7fe154792490  00000000 00000000 00000000 00000000
7fe1547924a0  00000000 00000000 00000000 00000000
7fe1547924b0  00000000 00000000 00000000 00000000
7fe1547924c0  00000000 00000000 00000000 00000000
7fe1547924d0  00000000 00000000 00000000 00000000
7fe1547924e0  00000000 00000000 00000000 00000000
7fe1547924f0  00000000 00000000 00000000 00000000
7fe154792500  00000000 00000000 00000000 00000000
7fe154792510  00000000 00000000 00000000 00000000
7fe154792520  00000000 00000000 00000000 00000000
7fe154792530  00000000 00000000 00000000 00000000
7fe154792540  00000000 00000000 00000000 00000000
7fe154792550  00000000 00000000 00000000 00000000
7fe154792560  00000000 00000000 00000000 00000000
7fe154792570  00000000 00000000 00000000 00000000
7fe154792580  00000000 00000000 00000000 00000000
7fe154792590  00000000 00000000 00000000 00000000
7fe1547925a0  00000000 00000000 54791510 00007fe1
7fe1547925b0  54792020 00007fe1 00000000 00000000
7fe1547925c0  00000000 00000000 00000000 00000000
7fe1547925d0  00000000 00000000 00000000 00000000
7fe1547925e0  00000000 00000000 00000000 00000000
7fe1547925f0  00000000 00000000 00000000 00000000
7fe154792600  00000000 00000000 00000000 00000000
7fe154792610  00000000 00000000 00000000 00000000
7fe154792620  00000000 00000000 00000000 00000000
7fe154792630  00000000 00000000 00000000 00000000
7fe154792640  00000000 00000000 00000000 00000000
7fe154792650  00000000 00000000 00000000 00000000
7fe154792660  00000000 00000000 00000000 00000000
7fe154792670  00000000 00000000 00000000 00000000
7fe154792680  00000000 00000000 00000000 00000000
7fe154792690  00000000 00000000 00000000 00000000
7fe1547926a0  00000000 00000000 00000000 00000000
7fe1547926b0  00000000 00000000 00000000 00000000
7fe1547926c0  00000000 00000000 00000000 00000000
7fe1547926d0  00000000 00000000 00000000 00000000
7fe1547926e0  ffffffff 00000000 00000000 00000000
7fe1547926f0  00000000 00000000 00000000 00000000
7fe154792700  00000000 00000000 00000000 00000000
7fe154792710  00000000 00000000 00000000 00000000
7fe154792720  00000000 00000000 00000000 00000000
7fe154792730  00000000 00000000 00000000 00000000
7fe154792740  00000000 00000000 00000000 00000000
7fe154792750  00000000 00000000 00000000 00000000
7fe154792760  00000000 00000000 00000000 00000000
7fe154792770  00000000 00000000 00000000 00000000
7fe154792780  00000000 00000000 00000000 00000000
7fe154792790  00000000 00000000 00000000 00000000
7fe1547927a0  00000000 00000000 00000000 00000000
7fe1547927b0  00000000 00000000 00000000 00000000
7fe1547927c0  00000000 00000000 00000000 00000000
7fe1547927d0  00000000 00000000 00000000 00000000
7fe1547927e0  00000000 00000000 00000000 00000000
7fe1547927f0  00000000 00000000 00000000 00000000
7fe154792800  00000000 00000000 00000000 00000000
7fe154792810  00000000 00000000 00000000 00000000
7fe154792820  00000000 00000000 00000000 00000000
7fe154792830  00000000 00000000 00000000 00000000
7fe154792840  00000000 00000000 00000000 00000000
7fe154792850  00000000 00000000 00000000 00000000
7fe154792860  00000000 00000000 00000000 00000000
7fe154792870  00000000 00000000 00000000 00000000
7fe154792880  00000000 00000000 00000000 00000000
7fe154792890  00000000 00000000 00000000 00000000
7fe1547928a0  00000000 00000000 00000000 00000000
7fe1547928b0  00000000 00000000 00000000 00000000
7fe1547928c0  00000000 00000000 00000000 00000000
7fe1547928d0  00000000 00000000 00000000 00000000
7fe1547928e0  00000000 00000000 00000000 00000000
7fe1547928f0  00000000 00000000 00000000 00000000
7fe154792900  00000000 00000000 00000000 00000000
7fe154792910  00000000 00000000 00000000 00000000
7fe154792920  00000000 00000000 00000000 00000000
7fe154792930  00000000 00000000 00000000 00000000
7fe154792940  00000000 00000000 00000000 00000000
7fe154792950  00000000 00000000 00000000 00000000
7fe154792960  00000000 00000000 00000000 00000000
7fe154792970  00000000 00000000 00000000 00000000
7fe154792980  00000000 00000000 00000000 00000000
7fe154792990  00000000 00000000 00000000 00000000
7fe1547929a0  00000000 00000000 00000000 00000000
7fe1547929b0  00000000 00000000 00000000 00000000
7fe1547929c0  00000000 00000000 00000000 00000000
7fe1547929d0  00000000 00000000 00000000 00000000
7fe1547929e0  00000000 00000000 00000000 00000000
7fe1547929f0  00000000 00000000 00000000 00000000
7fe154792a00  00000000 00000000 00000000 00000000
7fe154792a10  00000000 00000000 00000000 00000000
7fe154792a20  00000000 00000000 00000000 00000000
7fe154792a30  00000000 00000000 00000000 00000000
7fe154792a40  00000000 00000000 00000000 00000000
7fe154792a50  00000000 00000000 00000000 00000000
7fe154792a60  00000000 00000000 00000000 00000000
7fe154792a70  00000000 00000000 00000000 00000000
7fe154792a80  00000000 00000000 00000000 00000000
7fe154792a90  00000000 00000000 00000000 00000000
7fe154792aa0  00000000 00000000 00000000 00000000
7fe154792ab0  00000000 00000000 00000000 00000000
7fe154792ac0  00000000 00000000 00000000 00000000
7fe154792ad0  00000000 00000000 00000000 00000000
7fe154792ae0  00000000 00000000 00000000 00000000
7fe154792af0  00000000 00000000 00000000 00000000
7fe154792b00  00000000 00000000 00000000 00000000
7fe154792b10  00000000 00000000 00000000 00000000
7fe154792b20  00000000 00000000 00000000 00000000
7fe154792b30  547930b8 00007fe1 54793bc8 00007fe1
7fe154792b40  7b000002 045ebd5b 00000000 00000000
7fe154792b50  00000000 00000000 00000000 00000000
7fe154792b60  00000000 00000000 00000000 00000000
7fe154792b70  00000000 00000000 00000000 00000000
7fe154792b80  00000000 00000000 00000000 00000000
7fe154792b90  00000000 00000000 00000000 00000000
7fe154792ba0  00000000 00000000 00000000 00000000
7fe154792bb0  00000000 00000000 00000000 00000000
7fe154792bc0  00000000 00000000 00000000 00000000
7fe154792bd0  00000000 00000000 00000000 00000000
7fe154792be0  00000000 00000000 00000000 00000000
7fe154792bf0  00000000 00000000 00000000 00000000
7fe154792c00  00000000 00000000 00000000 00000000
7fe154792c10  00000000 00000000 00000000 00000000
7fe154792c20  00000000 00000000 00000000 00000000
7fe154792c30  00000000 00000000 00000000 00000000
7fe154792c40  00000000 00000000 54794c70 00007fe1
7fe154792c50  00000015 00000000 d6c9f66d 8a677d3d
7fe154792c60  53a0d7b0 00007fe1 00000030 ec060224
7fe154792c70  bf020000 e3060000 14025dc0 fff3c9d6
7fe154792c80  6b9d334e 6df6c9d6 de5bee6f 6ef6c9d6
7fe154792c90  d2e6c940 6ef6c9d6 47bfcd40 00000000
7fe154792ca0  00000000 00000000 00000000 00000000
7fe154792cb0  00000000 00000000 00000000 00000000
7fe154792cc0  00000000 00000000 00000000 00000000
7fe154792cd0  00000000 00000000 00000000 00000000
7fe154792ce0  00000000 00000000 00000000 00000000
7fe154792cf0  00000000 00000000 00000000 00000000
7fe154792d00  00000000 00000000 00000000 00000000
7fe154792d10  00000000 00000000 00000000 00000000
7fe154792d20  00000000 00000000 00000000 00000000
7fe154792d30  00000000 00000000 00000000 00000000
7fe154792d40  00000000 00000000 00000000 00000000
7fe154792d50  00000000 00000000 00000000 00000000
7fe154792d60  00000000 00000000 00000000 00000000
7fe154792d70  00000000 00000000 00000000 00000000
7fe154792d80  00000000 00000000 00000000 00000000
7fe154792d90  00000000 00000000 00000000 00000000
7fe154792da0  00000000 00000000 00000000 00000000
7fe154792db0  00000000 00000000 00000000 00000000
7fe154792dc0  00000000 00000000 00000000 00000000
7fe154792dd0  00000000 00000000 00000000 00000000
7fe154792de0  00000000 00000000 00000000 00000000
7fe154792df0  00000000 00000000 00000000 00000000
7fe154792e00  00000000 00000000 00000000 00000000
7fe154792e10  00000000 00000000 00000000 00000000
7fe154792e20  00000000 00000000 00000000 00000000
7fe154792e30  00000000 00000000 00000000 00000000
7fe154792e40  00000000 00000000 00000000 00000000
7fe154792e50  00000000 00000000 00000000 00000000
7fe154792e60  00000000 00000000 00000000 00000000
7fe154792e70  00000000 00000000 00000000 00000000
7fe154792e80  00000000 00000000 00000000 00000000
7fe154792e90  00000000 00000000 00000000 00000000
7fe154792ea0  00000000 00000000 00000000 00000000
7fe154792eb0  00000000 00000000 00000000 00000000
7fe154792ec0  00000000 00000000 00000000 00000000
7fe154792ed0  00000000 00000000 00000000 00000000
7fe154792ee0  00000000 00000000 00000000 00000000
7fe154792ef0  00000000 00000000 00000000 00000000
7fe154792f00  00000000 00000000 00000000 00000000
7fe154792f10  00000000 00000000 00000000 00000000
7fe154792f20  00000000 00000000 00000000 00000000
7fe154792f30  00000000 00000000 00000000 00000000
7fe154792f40  00000000 00000000 00000000 00000000
7fe154792f50  00000000 00000000 00000000 00000000
7fe154792f60  00000000 00000000 00000000 00000000
7fe154792f70  00000000 00000000 00000000 00000000
7fe154792f80  00000000 00000000 00000000 00000000
7fe154792f90  00000000 00000000 00000000 00000000
7fe154792fa0  00000000 00000000 00000000 00000000
7fe154792fb0  00000000 00000000 00000000 00000000
7fe154792fc0  00000000 00000000 00000000 00000000
7fe154792fd0  00000000 00000000 00000000 00000000
7fe154792fe0  00000000 00000000 00000000 00000000
7fe154792ff0  00000000 00000000 00000000 00000000
