
7f1b1e4cf000  2037303a 74696e69 6c70203a 756f6d79
7f1b1e4cf010  732d6874 20706f74 2d657270 72617473
7f1b1e4cf020  72702074 7365636f 33282073 29343637
7f1b1e4cf030  72657420 616e696d 20646574 68746977
7f1b1e4cf040  61747320 20737574 00000031 00000000
7f1b1e4cf050  00000000 00000000 000020b1 00000000
7f1b1e4cf060  1c7a3e98 00007f1b 1e4e4b40 00007f1b
7f1b1e4cf070  00000000 00000000 00000000 00000000
7f1b1e4cf080  00000000 00000000 00000000 00000000
7f1b1e4cf090  00000000 00000000 00000000 00000000
7f1b1e4cf0a0  00000000 00000000 00000000 00000000
7f1b1e4cf0b0  00000000 00000000 00000000 00000000
7f1b1e4cf0c0  00000000 00000000 00000000 00000000
7f1b1e4cf0d0  00000000 00000000 00000000 00000000
7f1b1e4cf0e0  00000000 00000000 00000000 00000000
7f1b1e4cf0f0  00000000 00000000 00000000 00000000
7f1b1e4cf100  00000000 00000000 00000000 00000000
7f1b1e4cf110  00000000 00000000 00000000 00000000
7f1b1e4cf120  00000000 00000000 00000000 00000000
7f1b1e4cf130  00000000 00000000 00000000 00000000
7f1b1e4cf140  00000000 00000000 00000000 00000000
7f1b1e4cf150  00000000 00000000 00000000 00000000
7f1b1e4cf160  00000000 00000000 00000000 00000000
7f1b1e4cf170  00000000 00000000 00000000 00000000
7f1b1e4cf180  00000000 00000000 00000000 00000000
7f1b1e4cf190  00000000 00000000 00000000 00000000
7f1b1e4cf1a0  00000000 00000000 00000000 00000000
7f1b1e4cf1b0  00000000 00000000 00000000 00000000
7f1b1e4cf1c0  00000000 00000000 00000000 00000000
7f1b1e4cf1d0  00000000 00000000 00000000 00000000
7f1b1e4cf1e0  00000000 00000000 00000000 00000000
7f1b1e4cf1f0  00000000 00000000 00000000 00000000
7f1b1e4cf200  00000000 00000000 00000000 00000000
7f1b1e4cf210  00000000 00000000 00000000 00000000
7f1b1e4cf220  00000000 00000000 00000000 00000000
7f1b1e4cf230  00000000 00000000 00000000 00000000
7f1b1e4cf240  00000000 00000000 00000000 00000000
7f1b1e4cf250  00000000 00000000 00000000 00000000
7f1b1e4cf260  00000000 00000000 00000000 00000000
7f1b1e4cf270  00000000 00000000 00000000 00000000
7f1b1e4cf280  00000000 00000000 00000000 00000000
7f1b1e4cf290  00000000 00000000 00000000 00000000
7f1b1e4cf2a0  00000000 00000000 00000000 00000000
7f1b1e4cf2b0  00000000 00000000 00000000 00000000
7f1b1e4cf2c0  00000000 00000000 00000000 00000000
7f1b1e4cf2d0  00000000 00000000 00000000 00000000
7f1b1e4cf2e0  00000000 00000000 00000000 00000000
7f1b1e4cf2f0  00000000 00000000 00000000 00000000
7f1b1e4cf300  00000000 00000000 00000000 00000000
7f1b1e4cf310  00000000 00000000 00000000 00000000
7f1b1e4cf320  00000000 00000000 00000000 00000000
7f1b1e4cf330  00000000 00000000 00000000 00000000
7f1b1e4cf340  00000000 00000000 00000000 00000000
7f1b1e4cf350  00000000 00000000 00000000 00000000
7f1b1e4cf360  00000000 00000000 00000000 00000000
7f1b1e4cf370  00000000 00000000 00000000 00000000
7f1b1e4cf380  00000000 00000000 00000000 00000000
7f1b1e4cf390  00000000 00000000 00000000 00000000
7f1b1e4cf3a0  00000000 00000000 00000000 00000000
7f1b1e4cf3b0  00000000 00000000 00000000 00000000
7f1b1e4cf3c0  00000000 00000000 00000000 00000000
7f1b1e4cf3d0  00000000 00000000 00000000 00000000
7f1b1e4cf3e0  00000000 00000000 00000000 00000000
7f1b1e4cf3f0  00000000 00000000 00000000 00000000
7f1b1e4cf400  00000000 00000000 00000000 00000000
7f1b1e4cf410  00000000 00000000 00000000 00000000
7f1b1e4cf420  00000000 00000000 00000000 00000000
7f1b1e4cf430  00000000 00000000 00000000 00000000
7f1b1e4cf440  00000000 00000000 00000000 00000000
7f1b1e4cf450  00000000 00000000 00000000 00000000
7f1b1e4cf460  00000000 00000000 00000000 00000000
7f1b1e4cf470  00000000 00000000 00000000 00000000
7f1b1e4cf480  00000000 00000000 00000000 00000000
7f1b1e4cf490  00000000 00000000 00000000 00000000
7f1b1e4cf4a0  00000000 00000000 00000000 00000000
7f1b1e4cf4b0  00000000 00000000 00000000 00000000
7f1b1e4cf4c0  00000000 00000000 00000000 00000000
7f1b1e4cf4d0  00000000 00000000 00000000 00000000
7f1b1e4cf4e0  00000000 00000000 00000000 00000000
7f1b1e4cf4f0  00000000 00000000 00000000 00000000
7f1b1e4cf500  00000000 00000000 00000000 00000000
7f1b1e4cf510  00000000 00000000 00000000 00000000
7f1b1e4cf520  00000000 00000000 00000000 00000000
7f1b1e4cf530  00000000 00000000 00000000 00000000
7f1b1e4cf540  00000000 00000000 00000000 00000000
7f1b1e4cf550  00000000 00000000 00000000 00000000
7f1b1e4cf560  00000000 00000000 00000000 00000000
7f1b1e4cf570  00000000 00000000 00000000 00000000
7f1b1e4cf580  00000000 00000000 00000000 00000000
7f1b1e4cf590  00000000 00000000 00000000 00000000
7f1b1e4cf5a0  00000000 00000000 00000000 00000000
7f1b1e4cf5b0  00000000 00000000 00000000 00000000
7f1b1e4cf5c0  00000000 00000000 00000000 00000000
7f1b1e4cf5d0  00000000 00000000 00000000 00000000
7f1b1e4cf5e0  00000000 00000000 00000000 00000000
7f1b1e4cf5f0  00000000 00000000 00000000 00000000
7f1b1e4cf600  00000000 00000000 00000000 00000000
7f1b1e4cf610  00000000 00000000 00000000 00000000
7f1b1e4cf620  00000000 00000000 00000000 00000000
7f1b1e4cf630  00000000 00000000 00000000 00000000
7f1b1e4cf640  00000000 00000000 00000000 00000000
7f1b1e4cf650  00000000 00000000 00000000 00000000
7f1b1e4cf660  00000000 00000000 00000000 00000000
7f1b1e4cf670  00000000 00000000 00000000 00000000
7f1b1e4cf680  00000000 00000000 00000000 00000000
7f1b1e4cf690  00000000 00000000 00000000 00000000
7f1b1e4cf6a0  00000000 00000000 00000000 00000000
7f1b1e4cf6b0  00000000 00000000 00000000 00000000
7f1b1e4cf6c0  00000000 00000000 00000000 00000000
7f1b1e4cf6d0  00000000 00000000 00000000 00000000
7f1b1e4cf6e0  00000000 00000000 00000000 00000000
7f1b1e4cf6f0  00000000 00000000 00000000 00000000
7f1b1e4cf700  00000000 00000000 00000000 00000000
7f1b1e4cf710  00000000 00000000 00000000 00000000
7f1b1e4cf720  00000000 00000000 00000000 00000000
7f1b1e4cf730  00000000 00000000 00000000 00000000
7f1b1e4cf740  00000000 00000000 00000000 00000000
7f1b1e4cf750  00000000 00000000 00000000 00000000
7f1b1e4cf760  00000000 00000000 00000000 00000000
7f1b1e4cf770  00000000 00000000 00000000 00000000
7f1b1e4cf780  00000000 00000000 00000000 00000000
7f1b1e4cf790  00000000 00000000 00000000 00000000
7f1b1e4cf7a0  00000000 00000000 00000000 00000000
7f1b1e4cf7b0  00000000 00000000 00000000 00000000
7f1b1e4cf7c0  00000000 00000000 00000000 00000000
7f1b1e4cf7d0  00000000 00000000 00000000 00000000
7f1b1e4cf7e0  00000000 00000000 00000000 00000000
7f1b1e4cf7f0  00000000 00000000 00000000 00000000
7f1b1e4cf800  00000000 00000000 00000000 00000000
7f1b1e4cf810  00000000 00000000 00000000 00000000
7f1b1e4cf820  00000000 00000000 00000000 00000000
7f1b1e4cf830  00000000 00000000 00000000 00000000
7f1b1e4cf840  00000000 00000000 00000000 00000000
7f1b1e4cf850  00000000 00000000 00000000 00000000
7f1b1e4cf860  00000000 00000000 00000000 00000000
7f1b1e4cf870  00000000 00000000 00000000 00000000
7f1b1e4cf880  00000000 00000000 00000000 00000000
7f1b1e4cf890  00000000 00000000 00000000 00000000
7f1b1e4cf8a0  00000000 00000000 00000000 00000000
7f1b1e4cf8b0  00000000 00000000 00000000 00000000
7f1b1e4cf8c0  00000000 00000000 00000000 00000000
7f1b1e4cf8d0  00000000 00000000 00000000 00000000
7f1b1e4cf8e0  00000000 00000000 00000000 00000000
7f1b1e4cf8f0  00000000 00000000 00000000 00000000
7f1b1e4cf900  00000000 00000000 00000000 00000000
7f1b1e4cf910  00000000 00000000 00000000 00000000
7f1b1e4cf920  00000000 00000000 00000000 00000000
7f1b1e4cf930  00000000 00000000 00000000 00000000
7f1b1e4cf940  00000000 00000000 00000000 00000000
7f1b1e4cf950  00000000 00000000 00000000 00000000
7f1b1e4cf960  00000000 00000000 00000000 00000000
7f1b1e4cf970  00000000 00000000 00000000 00000000
7f1b1e4cf980  00000000 00000000 00000000 00000000
7f1b1e4cf990  00000000 00000000 00000000 00000000
7f1b1e4cf9a0  00000000 00000000 00000000 00000000
7f1b1e4cf9b0  00000000 00000000 00000000 00000000
7f1b1e4cf9c0  00000000 00000000 00000000 00000000
7f1b1e4cf9d0  00000000 00000000 00000000 00000000
7f1b1e4cf9e0  00000000 00000000 00000000 00000000
7f1b1e4cf9f0  00000000 00000000 00000000 00000000
7f1b1e4cfa00  00000000 00000000 00000000 00000000
7f1b1e4cfa10  00000000 00000000 00000000 00000000
7f1b1e4cfa20  00000000 00000000 00000000 00000000
7f1b1e4cfa30  00000000 00000000 00000000 00000000
7f1b1e4cfa40  00000000 00000000 00000000 00000000
7f1b1e4cfa50  00000000 00000000 00000000 00000000
7f1b1e4cfa60  00000000 00000000 00000000 00000000
7f1b1e4cfa70  00000000 00000000 00000000 00000000
7f1b1e4cfa80  00000000 00000000 00000000 00000000
7f1b1e4cfa90  00000000 00000000 00000000 00000000
7f1b1e4cfaa0  00000000 00000000 00000000 00000000
7f1b1e4cfab0  00000000 00000000 00000000 00000000
7f1b1e4cfac0  00000000 00000000 00000000 00000000
7f1b1e4cfad0  00000000 00000000 00000000 00000000
7f1b1e4cfae0  00000000 00000000 00000000 00000000
7f1b1e4cfaf0  00000000 00000000 00000000 00000000
7f1b1e4cfb00  00000000 00000000 00000000 00000000
7f1b1e4cfb10  00000000 00000000 00000000 00000000
7f1b1e4cfb20  00000000 00000000 00000000 00000000
7f1b1e4cfb30  00000000 00000000 00000000 00000000
7f1b1e4cfb40  00000000 00000000 00000000 00000000
7f1b1e4cfb50  00000000 00000000 00000000 00000000
7f1b1e4cfb60  00000000 00000000 00000000 00000000
7f1b1e4cfb70  00000000 00000000 00000000 00000000
7f1b1e4cfb80  00000000 00000000 00000000 00000000
7f1b1e4cfb90  00000000 00000000 00000000 00000000
7f1b1e4cfba0  00000000 00000000 00000000 00000000
7f1b1e4cfbb0  00000000 00000000 00000000 00000000
7f1b1e4cfbc0  00000000 00000000 00000000 00000000
7f1b1e4cfbd0  00000000 00000000 00000000 00000000
7f1b1e4cfbe0  00000000 00000000 00000000 00000000
7f1b1e4cfbf0  00000000 00000000 00000000 00000000
7f1b1e4cfc00  00000000 00000000 00000000 00000000
7f1b1e4cfc10  00000000 00000000 00000000 00000000
7f1b1e4cfc20  00000000 00000000 00000000 00000000
7f1b1e4cfc30  00000000 00000000 00000000 00000000
7f1b1e4cfc40  00000000 00000000 00000000 00000000
7f1b1e4cfc50  00000000 00000000 00000000 00000000
7f1b1e4cfc60  00000000 00000000 00000000 00000000
7f1b1e4cfc70  00000000 00000000 00000000 00000000
7f1b1e4cfc80  00000000 00000000 00000000 00000000
7f1b1e4cfc90  00000000 00000000 00000000 00000000
7f1b1e4cfca0  00000000 00000000 00000000 00000000
7f1b1e4cfcb0  00000000 00000000 00000000 00000000
7f1b1e4cfcc0  00000000 00000000 00000000 00000000
7f1b1e4cfcd0  00000000 00000000 00000000 00000000
7f1b1e4cfce0  00000000 00000000 00000000 00000000
7f1b1e4cfcf0  00000000 00000000 00000000 00000000
7f1b1e4cfd00  00000000 00000000 00000000 00000000
7f1b1e4cfd10  00000000 00000000 00000000 00000000
7f1b1e4cfd20  00000000 00000000 00000000 00000000
7f1b1e4cfd30  00000000 00000000 00000000 00000000
7f1b1e4cfd40  00000000 00000000 00000000 00000000
7f1b1e4cfd50  00000000 00000000 00000000 00000000
7f1b1e4cfd60  00000000 00000000 00000000 00000000
7f1b1e4cfd70  00000000 00000000 00000000 00000000
7f1b1e4cfd80  00000000 00000000 00000000 00000000
7f1b1e4cfd90  00000000 00000000 00000000 00000000
7f1b1e4cfda0  00000000 00000000 00000000 00000000
7f1b1e4cfdb0  00000000 00000000 00000000 00000000
7f1b1e4cfdc0  00000000 00000000 00000000 00000000
7f1b1e4cfdd0  00000000 00000000 00000000 00000000
7f1b1e4cfde0  00000000 00000000 00000000 00000000
7f1b1e4cfdf0  00000000 00000000 00000000 00000000
7f1b1e4cfe00  00000000 00000000 00000000 00000000
7f1b1e4cfe10  00000000 00000000 00000000 00000000
7f1b1e4cfe20  00000000 00000000 00000000 00000000
7f1b1e4cfe30  00000000 00000000 00000000 00000000
7f1b1e4cfe40  00000000 00000000 00000000 00000000
7f1b1e4cfe50  00000000 00000000 00000000 00000000
7f1b1e4cfe60  00000000 00000000 00000000 00000000
7f1b1e4cfe70  00000000 00000000 00000000 00000000
7f1b1e4cfe80  00000000 00000000 00000000 00000000
7f1b1e4cfe90  00000000 00000000 00000000 00000000
7f1b1e4cfea0  00000000 00000000 00000000 00000000
7f1b1e4cfeb0  00000000 00000000 00000000 00000000
7f1b1e4cfec0  00000000 00000000 00000000 00000000
7f1b1e4cfed0  00000000 00000000 00000000 00000000
7f1b1e4cfee0  00000000 00000000 00000000 00000000
7f1b1e4cfef0  00000000 00000000 00000000 00000000
7f1b1e4cff00  00000000 00000000 00000000 00000000
7f1b1e4cff10  00000000 00000000 00000000 00000000
7f1b1e4cff20  00000000 00000000 00000000 00000000
7f1b1e4cff30  00000000 00000000 00000000 00000000
7f1b1e4cff40  00000000 00000000 00000000 00000000
7f1b1e4cff50  00000000 00000000 00000000 00000000
7f1b1e4cff60  00000000 00000000 00000000 00000000
7f1b1e4cff70  00000000 00000000 00000000 00000000
7f1b1e4cff80  00000000 00000000 00000000 00000000
7f1b1e4cff90  00000000 00000000 00000000 00000000
7f1b1e4cffa0  00000000 00000000 00000000 00000000
7f1b1e4cffb0  00000000 00000000 00000000 00000000
7f1b1e4cffc0  00000000 00000000 00000000 00000000
7f1b1e4cffd0  00000000 00000000 00000000 00000000
7f1b1e4cffe0  00000000 00000000 00000000 00000000
7f1b1e4cfff0  00000000 00000000 00000000 00000000
