
7f1b1e4d0000  00000000 00000000 00000000 00000000
7f1b1e4d0010  00000000 00000000 00000000 00000000
7f1b1e4d0020  00000000 00000000 00000000 00000000
7f1b1e4d0030  00000000 00000000 00000000 00000000
7f1b1e4d0040  00000000 00000000 00000000 00000000
7f1b1e4d0050  00000000 00000000 00000000 00000000
7f1b1e4d0060  00000000 00000000 00000000 00000000
7f1b1e4d0070  00000000 00000000 00000000 00000000
7f1b1e4d0080  00000000 00000000 00000000 00000000
7f1b1e4d0090  00000000 00000000 00000000 00000000
7f1b1e4d00a0  00000000 00000000 00000000 00000000
7f1b1e4d00b0  00000000 00000000 00000000 00000000
7f1b1e4d00c0  00000000 00000000 00000000 00000000
7f1b1e4d00d0  00000000 00000000 00000000 00000000
7f1b1e4d00e0  00000000 00000000 00000000 00000000
7f1b1e4d00f0  00000000 00000000 00000000 00000000
7f1b1e4d0100  00000000 00000000 00000000 00000000
7f1b1e4d0110  00000000 00000000 00000000 00000000
7f1b1e4d0120  00000000 00000000 00000000 00000000
7f1b1e4d0130  00000000 00000000 00000000 00000000
7f1b1e4d0140  00000000 00000000 00000000 00000000
7f1b1e4d0150  00000000 00000000 00000000 00000000
7f1b1e4d0160  00000000 00000000 00000000 00000000
7f1b1e4d0170  00000000 00000000 00000000 00000000
7f1b1e4d0180  00000000 00000000 00000000 00000000
7f1b1e4d0190  00000000 00000000 00000000 00000000
7f1b1e4d01a0  00000000 00000000 00000000 00000000
7f1b1e4d01b0  00000000 00000000 00000000 00000000
7f1b1e4d01c0  00000000 00000000 00000000 00000000
7f1b1e4d01d0  00000000 00000000 00000000 00000000
7f1b1e4d01e0  00000000 00000000 00000000 00000000
7f1b1e4d01f0  00000000 00000000 00000000 00000000
7f1b1e4d0200  00000000 00000000 00000000 00000000
7f1b1e4d0210  00000000 00000000 00000000 00000000
7f1b1e4d0220  00000000 00000000 00000000 00000000
7f1b1e4d0230  00000000 00000000 00000000 00000000
7f1b1e4d0240  00000000 00000000 00000000 00000000
7f1b1e4d0250  00000000 00000000 00000000 00000000
7f1b1e4d0260  00000000 00000000 00000000 00000000
7f1b1e4d0270  00000000 00000000 00000000 00000000
7f1b1e4d0280  00000000 00000000 00000000 00000000
7f1b1e4d0290  00000000 00000000 00000000 00000000
7f1b1e4d02a0  00000000 00000000 00000000 00000000
7f1b1e4d02b0  00000000 00000000 00000000 00000000
7f1b1e4d02c0  00000000 00000000 00000000 00000000
7f1b1e4d02d0  00000000 00000000 00000000 00000000
7f1b1e4d02e0  00000000 00000000 00000000 00000000
7f1b1e4d02f0  00000000 00000000 00000000 00000000
7f1b1e4d0300  00000000 00000000 00000000 00000000
7f1b1e4d0310  00000000 00000000 00000000 00000000
7f1b1e4d0320  00000000 00000000 00000000 00000000
7f1b1e4d0330  00000000 00000000 00000000 00000000
7f1b1e4d0340  00000000 00000000 00000000 00000000
7f1b1e4d0350  00000000 00000000 00000000 00000000
7f1b1e4d0360  00000000 00000000 00000000 00000000
7f1b1e4d0370  00000000 00000000 00000000 00000000
7f1b1e4d0380  00000000 00000000 00000000 00000000
7f1b1e4d0390  00000000 00000000 00000000 00000000
7f1b1e4d03a0  00000000 00000000 00000000 00000000
7f1b1e4d03b0  00000000 00000000 00000000 00000000
7f1b1e4d03c0  00000000 00000000 00000000 00000000
7f1b1e4d03d0  00000000 00000000 00000000 00000000
7f1b1e4d03e0  00000000 00000000 00000000 00000000
7f1b1e4d03f0  00000000 00000000 00000000 00000000
7f1b1e4d0400  00000000 00000000 00000000 00000000
7f1b1e4d0410  00000000 00000000 00000000 00000000
7f1b1e4d0420  00000000 00000000 00000000 00000000
7f1b1e4d0430  00000000 00000000 00000000 00000000
7f1b1e4d0440  00000000 00000000 00000000 00000000
7f1b1e4d0450  00000000 00000000 00000000 00000000
7f1b1e4d0460  00000000 00000000 00000000 00000000
7f1b1e4d0470  00000000 00000000 00000000 00000000
7f1b1e4d0480  00000000 00000000 00000000 00000000
7f1b1e4d0490  00000000 00000000 00000000 00000000
7f1b1e4d04a0  00000000 00000000 00000000 00000000
7f1b1e4d04b0  00000000 00000000 00000000 00000000
7f1b1e4d04c0  00000000 00000000 00000000 00000000
7f1b1e4d04d0  00000000 00000000 00000000 00000000
7f1b1e4d04e0  00000000 00000000 00000000 00000000
7f1b1e4d04f0  00000000 00000000 00000000 00000000
7f1b1e4d0500  00000000 00000000 00000000 00000000
7f1b1e4d0510  00000000 00000000 00000000 00000000
7f1b1e4d0520  00000000 00000000 00000000 00000000
7f1b1e4d0530  00000000 00000000 00000000 00000000
7f1b1e4d0540  00000000 00000000 00000000 00000000
7f1b1e4d0550  00000000 00000000 00000000 00000000
7f1b1e4d0560  00000000 00000000 00000000 00000000
7f1b1e4d0570  00000000 00000000 00000000 00000000
7f1b1e4d0580  00000000 00000000 00000000 00000000
7f1b1e4d0590  00000000 00000000 00000000 00000000
7f1b1e4d05a0  00000000 00000000 00000000 00000000
7f1b1e4d05b0  00000000 00000000 00000000 00000000
7f1b1e4d05c0  00000000 00000000 00000000 00000000
7f1b1e4d05d0  00000000 00000000 00000000 00000000
7f1b1e4d05e0  00000000 00000000 00000000 00000000
7f1b1e4d05f0  00000000 00000000 00000000 00000000
7f1b1e4d0600  00000000 00000000 00000000 00000000
7f1b1e4d0610  00000000 00000000 00000000 00000000
7f1b1e4d0620  00000000 00000000 00000000 00000000
7f1b1e4d0630  00000000 00000000 00000000 00000000
7f1b1e4d0640  00000000 00000000 00000000 00000000
7f1b1e4d0650  00000000 00000000 00000000 00000000
7f1b1e4d0660  00000000 00000000 00000000 00000000
7f1b1e4d0670  00000000 00000000 00000000 00000000
7f1b1e4d0680  00000000 00000000 00000000 00000000
7f1b1e4d0690  00000000 00000000 00000000 00000000
7f1b1e4d06a0  00000000 00000000 00000000 00000000
7f1b1e4d06b0  00000000 00000000 00000000 00000000
7f1b1e4d06c0  00000000 00000000 00000000 00000000
7f1b1e4d06d0  00000000 00000000 00000000 00000000
7f1b1e4d06e0  00000000 00000000 00000000 00000000
7f1b1e4d06f0  00000000 00000000 00000000 00000000
7f1b1e4d0700  00000000 00000000 00000000 00000000
7f1b1e4d0710  00000000 00000000 00000000 00000000
7f1b1e4d0720  00000000 00000000 00000000 00000000
7f1b1e4d0730  00000000 00000000 00000000 00000000
7f1b1e4d0740  00000000 00000000 00000000 00000000
7f1b1e4d0750  00000000 00000000 00000000 00000000
7f1b1e4d0760  00000000 00000000 00000000 00000000
7f1b1e4d0770  00000000 00000000 00000000 00000000
7f1b1e4d0780  00000000 00000000 00000000 00000000
7f1b1e4d0790  00000000 00000000 00000000 00000000
7f1b1e4d07a0  00000000 00000000 00000000 00000000
7f1b1e4d07b0  00000000 00000000 00000000 00000000
7f1b1e4d07c0  00000000 00000000 00000000 00000000
7f1b1e4d07d0  00000000 00000000 00000000 00000000
7f1b1e4d07e0  00000000 00000000 00000000 00000000
7f1b1e4d07f0  00000000 00000000 00000000 00000000
7f1b1e4d0800  00000000 00000000 00000000 00000000
7f1b1e4d0810  00000000 00000000 00000000 00000000
7f1b1e4d0820  00000000 00000000 00000000 00000000
7f1b1e4d0830  00000000 00000000 00000000 00000000
7f1b1e4d0840  00000000 00000000 00000000 00000000
7f1b1e4d0850  00000000 00000000 00000000 00000000
7f1b1e4d0860  00000000 00000000 00000000 00000000
7f1b1e4d0870  00000000 00000000 00000000 00000000
7f1b1e4d0880  00000000 00000000 00000000 00000000
7f1b1e4d0890  00000000 00000000 00000000 00000000
7f1b1e4d08a0  00000000 00000000 00000000 00000000
7f1b1e4d08b0  00000000 00000000 00000000 00000000
7f1b1e4d08c0  00000000 00000000 00000000 00000000
7f1b1e4d08d0  00000000 00000000 00000000 00000000
7f1b1e4d08e0  00000000 00000000 00000000 00000000
7f1b1e4d08f0  00000000 00000000 00000000 00000000
7f1b1e4d0900  00000000 00000000 00000000 00000000
7f1b1e4d0910  00000000 00000000 00000000 00000000
7f1b1e4d0920  00000000 00000000 00000000 00000000
7f1b1e4d0930  00000000 00000000 00000000 00000000
7f1b1e4d0940  00000000 00000000 00000000 00000000
7f1b1e4d0950  00000000 00000000 00000000 00000000
7f1b1e4d0960  00000000 00000000 00000000 00000000
7f1b1e4d0970  00000000 00000000 00000000 00000000
7f1b1e4d0980  00000000 00000000 00000000 00000000
7f1b1e4d0990  00000000 00000000 00000000 00000000
7f1b1e4d09a0  00000000 00000000 00000000 00000000
7f1b1e4d09b0  00000000 00000000 00000000 00000000
7f1b1e4d09c0  00000000 00000000 00000000 00000000
7f1b1e4d09d0  00000000 00000000 00000000 00000000
7f1b1e4d09e0  00000000 00000000 00000000 00000000
7f1b1e4d09f0  00000000 00000000 00000000 00000000
7f1b1e4d0a00  00000000 00000000 00000000 00000000
7f1b1e4d0a10  00000000 00000000 00000000 00000000
7f1b1e4d0a20  00000000 00000000 00000000 00000000
7f1b1e4d0a30  00000000 00000000 00000000 00000000
7f1b1e4d0a40  00000000 00000000 00000000 00000000
7f1b1e4d0a50  00000000 00000000 00000000 00000000
7f1b1e4d0a60  00000000 00000000 00000000 00000000
7f1b1e4d0a70  00000000 00000000 00000000 00000000
7f1b1e4d0a80  00000000 00000000 00000000 00000000
7f1b1e4d0a90  00000000 00000000 00000000 00000000
7f1b1e4d0aa0  00000000 00000000 00000000 00000000
7f1b1e4d0ab0  00000000 00000000 00000000 00000000
7f1b1e4d0ac0  00000000 00000000 00000000 00000000
7f1b1e4d0ad0  00000000 00000000 00000000 00000000
7f1b1e4d0ae0  00000000 00000000 00000000 00000000
7f1b1e4d0af0  00000000 00000000 00000000 00000000
7f1b1e4d0b00  00000000 00000000 00000000 00000000
7f1b1e4d0b10  00000000 00000000 00000000 00000000
7f1b1e4d0b20  00000000 00000000 00000000 00000000
7f1b1e4d0b30  00000000 00000000 00000000 00000000
7f1b1e4d0b40  00000000 00000000 00000000 00000000
7f1b1e4d0b50  00000000 00000000 00000000 00000000
7f1b1e4d0b60  00000000 00000000 00000000 00000000
7f1b1e4d0b70  00000000 00000000 00000000 00000000
7f1b1e4d0b80  00000000 00000000 00000000 00000000
7f1b1e4d0b90  00000000 00000000 00000000 00000000
7f1b1e4d0ba0  00000000 00000000 00000000 00000000
7f1b1e4d0bb0  00000000 00000000 00000000 00000000
7f1b1e4d0bc0  00000000 00000000 00000000 00000000
7f1b1e4d0bd0  00000000 00000000 00000000 00000000
7f1b1e4d0be0  00000000 00000000 00000000 00000000
7f1b1e4d0bf0  00000000 00000000 00000000 00000000
7f1b1e4d0c00  00000000 00000000 00000000 00000000
7f1b1e4d0c10  00000000 00000000 00000000 00000000
7f1b1e4d0c20  00000000 00000000 00000000 00000000
7f1b1e4d0c30  00000000 00000000 00000000 00000000
7f1b1e4d0c40  00000000 00000000 00000000 00000000
7f1b1e4d0c50  00000000 00000000 00000000 00000000
7f1b1e4d0c60  00000000 00000000 00000000 00000000
7f1b1e4d0c70  00000000 00000000 00000000 00000000
7f1b1e4d0c80  00000000 00000000 00000000 00000000
7f1b1e4d0c90  00000000 00000000 00000000 00000000
7f1b1e4d0ca0  00000000 00000000 00000000 00000000
7f1b1e4d0cb0  00000000 00000000 00000000 00000000
7f1b1e4d0cc0  00000000 00000000 00000000 00000000
7f1b1e4d0cd0  00000000 00000000 00000000 00000000
7f1b1e4d0ce0  00000000 00000000 00000000 00000000
7f1b1e4d0cf0  00000000 00000000 00000000 00000000
7f1b1e4d0d00  00000000 00000000 00000000 00000000
7f1b1e4d0d10  00000000 00000000 00000000 00000000
7f1b1e4d0d20  00000000 00000000 00000000 00000000
7f1b1e4d0d30  00000000 00000000 00000000 00000000
7f1b1e4d0d40  00000000 00000000 00000000 00000000
7f1b1e4d0d50  00000000 00000000 00000000 00000000
7f1b1e4d0d60  00000000 00000000 00000000 00000000
7f1b1e4d0d70  00000000 00000000 00000000 00000000
7f1b1e4d0d80  00000000 00000000 00000000 00000000
7f1b1e4d0d90  00000000 00000000 00000000 00000000
7f1b1e4d0da0  00000000 00000000 00000000 00000000
7f1b1e4d0db0  00000000 00000000 00000000 00000000
7f1b1e4d0dc0  00000000 00000000 00000000 00000000
7f1b1e4d0dd0  00000000 00000000 00000000 00000000
7f1b1e4d0de0  00000000 00000000 00000000 00000000
7f1b1e4d0df0  00000000 00000000 00000000 00000000
7f1b1e4d0e00  00000000 00000000 00000000 00000000
7f1b1e4d0e10  00000000 00000000 00000000 00000000
7f1b1e4d0e20  00000000 00000000 00000000 00000000
7f1b1e4d0e30  00000000 00000000 00000000 00000000
7f1b1e4d0e40  00000000 00000000 00000000 00000000
7f1b1e4d0e50  00000000 00000000 00000000 00000000
7f1b1e4d0e60  00000000 00000000 00000000 00000000
7f1b1e4d0e70  00000000 00000000 00000000 00000000
7f1b1e4d0e80  00000000 00000000 00000000 00000000
7f1b1e4d0e90  00000000 00000000 00000000 00000000
7f1b1e4d0ea0  00000000 00000000 00000000 00000000
7f1b1e4d0eb0  00000000 00000000 00000000 00000000
7f1b1e4d0ec0  00000000 00000000 00000000 00000000
7f1b1e4d0ed0  00000000 00000000 00000000 00000000
7f1b1e4d0ee0  00000000 00000000 00000000 00000000
7f1b1e4d0ef0  00000000 00000000 00000000 00000000
7f1b1e4d0f00  00000000 00000000 00000000 00000000
7f1b1e4d0f10  00000000 00000000 00000000 00000000
7f1b1e4d0f20  00000000 00000000 00000000 00000000
7f1b1e4d0f30  00000000 00000000 00000000 00000000
7f1b1e4d0f40  00000000 00000000 00000000 00000000
7f1b1e4d0f50  00000000 00000000 00000000 00000000
7f1b1e4d0f60  00000000 00000000 00000000 00000000
7f1b1e4d0f70  00000000 00000000 00000000 00000000
7f1b1e4d0f80  00000000 00000000 00000000 00000000
7f1b1e4d0f90  00000000 00000000 00000000 00000000
7f1b1e4d0fa0  00000000 00000000 00000000 00000000
7f1b1e4d0fb0  00000000 00000000 00000000 00000000
7f1b1e4d0fc0  00000000 00000000 00000000 00000000
7f1b1e4d0fd0  00000000 00000000 00000000 00000000
7f1b1e4d0fe0  00000000 00000000 00000000 00000000
7f1b1e4d0ff0  00000000 00000000 00000111 00000000
