
7fe154793000  00000000 00000000 00000000 00000000
7fe154793010  00000000 00000000 00000000 00000000
7fe154793020  00000000 00000000 00000000 00000000
7fe154793030  00000000 00000000 00000000 00000000
7fe154793040  00000000 00000000 00000000 00000000
7fe154793050  00000000 00000000 00000000 00000000
7fe154793060  00000000 00000000 00000000 00000000
7fe154793070  00000000 00000000 00000000 00000000
7fe154793080  00000000 00000000 00000000 00000000
7fe154793090  00000000 00000000 00000000 00000000
7fe1547930a0  00000000 00000000 00000000 00000000
7fe1547930b0  00000000 00000000 54792020 00007fe1
7fe1547930c0  54792b30 00007fe1 00000000 00000000
7fe1547930d0  00000000 00000000 00000000 00000000
7fe1547930e0  00000000 00000000 00000000 00000000
7fe1547930f0  00000000 00000000 00000000 00000000
7fe154793100  00000000 00000000 00000000 00000000
7fe154793110  00000000 00000000 00000000 00000000
7fe154793120  00000000 00000000 00000000 00000000
7fe154793130  00000000 00000000 00000000 00000000
7fe154793140  00000000 00000000 00000000 00000000
7fe154793150  00000000 00000000 00000000 00000000
7fe154793160  00000000 00000000 00000000 00000000
7fe154793170  00000000 00000000 00000000 00000000
7fe154793180  00000000 00000000 00000000 00000000
7fe154793190  00000000 00000000 00000000 00000000
7fe1547931a0  00000000 00000000 00000000 00000000
7fe1547931b0  00000000 00000000 00000000 00000000
7fe1547931c0  00000000 00000000 00000000 00000000
7fe1547931d0  00000000 00000000 00000000 00000000
7fe1547931e0  00000000 00000000 00000000 00000000
7fe1547931f0  ffffffff 00000000 00000000 00000000
7fe154793200  00000000 00000000 00000000 00000000
7fe154793210  00000000 00000000 00000000 00000000
7fe154793220  00000000 00000000 00000000 00000000
7fe154793230  00000000 00000000 00000000 00000000
7fe154793240  00000000 00000000 00000000 00000000
7fe154793250  00000000 00000000 00000000 00000000
7fe154793260  00000000 00000000 00000000 00000000
7fe154793270  00000000 00000000 00000000 00000000
7fe154793280  00000000 00000000 00000000 00000000
7fe154793290  00000000 00000000 00000000 00000000
7fe1547932a0  00000000 00000000 00000000 00000000
7fe1547932b0  00000000 00000000 00000000 00000000
7fe1547932c0  00000000 00000000 00000000 00000000
7fe1547932d0  00000000 00000000 00000000 00000000
7fe1547932e0  00000000 00000000 00000000 00000000
7fe1547932f0  00000000 00000000 00000000 00000000
7fe154793300  00000000 00000000 00000000 00000000
7fe154793310  00000000 00000000 00000000 00000000
7fe154793320  00000000 00000000 00000000 00000000
7fe154793330  00000000 00000000 00000000 00000000
7fe154793340  00000000 00000000 00000000 00000000
7fe154793350  00000000 00000000 00000000 00000000
7fe154793360  00000000 00000000 00000000 00000000
7fe154793370  00000000 00000000 00000000 00000000
7fe154793380  00000000 00000000 00000000 00000000
7fe154793390  00000000 00000000 00000000 00000000
7fe1547933a0  00000000 00000000 00000000 00000000
7fe1547933b0  00000000 00000000 00000000 00000000
7fe1547933c0  00000000 00000000 00000000 00000000
7fe1547933d0  00000000 00000000 00000000 00000000
7fe1547933e0  00000000 00000000 00000000 00000000
7fe1547933f0  00000000 00000000 00000000 00000000
7fe154793400  00000000 00000000 00000000 00000000
7fe154793410  00000000 00000000 00000000 00000000
7fe154793420  00000000 00000000 00000000 00000000
7fe154793430  00000000 00000000 00000000 00000000
7fe154793440  00000000 00000000 00000000 00000000
7fe154793450  00000000 00000000 00000000 00000000
7fe154793460  00000000 00000000 00000000 00000000
7fe154793470  00000000 00000000 00000000 00000000
7fe154793480  00000000 00000000 00000000 00000000
7fe154793490  00000000 00000000 00000000 00000000
7fe1547934a0  00000000 00000000 00000000 00000000
7fe1547934b0  00000000 00000000 00000000 00000000
7fe1547934c0  00000000 00000000 00000000 00000000
7fe1547934d0  00000000 00000000 00000000 00000000
7fe1547934e0  00000000 00000000 00000000 00000000
7fe1547934f0  00000000 00000000 00000000 00000000
7fe154793500  00000000 00000000 00000000 00000000
7fe154793510  00000000 00000000 00000000 00000000
7fe154793520  00000000 00000000 00000000 00000000
7fe154793530  00000000 00000000 00000000 00000000
7fe154793540  00000000 00000000 00000000 00000000
7fe154793550  00000000 00000000 00000000 00000000
7fe154793560  00000000 00000000 00000000 00000000
7fe154793570  00000000 00000000 00000000 00000000
7fe154793580  00000000 00000000 00000000 00000000
7fe154793590  00000000 00000000 00000000 00000000
7fe1547935a0  00000000 00000000 00000000 00000000
7fe1547935b0  00000000 00000000 00000000 00000000
7fe1547935c0  00000000 00000000 00000000 00000000
7fe1547935d0  00000000 00000000 00000000 00000000
7fe1547935e0  00000000 00000000 00000000 00000000
7fe1547935f0  00000000 00000000 00000000 00000000
7fe154793600  00000000 00000000 00000000 00000000
7fe154793610  00000000 00000000 00000000 00000000
7fe154793620  00000000 00000000 00000000 00000000
7fe154793630  00000000 00000000 00000000 00000000
7fe154793640  54793bc8 00007fe1 547946d8 00007fe1
7fe154793650  7b000002 045ebd5b 00000000 00000000
7fe154793660  00000000 00000000 00000000 00000000
7fe154793670  00000000 00000000 00000000 00000000
7fe154793680  00000000 00000000 00000000 00000000
7fe154793690  00000000 00000000 00000000 00000000
7fe1547936a0  00000000 00000000 00000000 00000000
7fe1547936b0  00000000 00000000 00000000 00000000
7fe1547936c0  00000000 00000000 00000000 00000000
7fe1547936d0  00000000 00000000 00000000 00000000
7fe1547936e0  00000000 00000000 00000000 00000000
7fe1547936f0  00000000 00000000 00000000 00000000
7fe154793700  00000000 00000000 00000000 00000000
7fe154793710  00000000 00000000 00000000 00000000
7fe154793720  00000000 00000000 00000000 00000000
7fe154793730  00000000 00000000 00000000 00000000
7fe154793740  00000000 00000000 00000000 00000000
7fe154793750  00000000 00000000 54794c70 00007fe1
7fe154793760  00000015 00000000 d6c9f6ac 8a7f46f9
7fe154793770  53a0d7b0 00007fe1 00000030 ec060224
7fe154793780  bf020000 22070000 14025dc0 fff3c9d6
7fe154793790  6b9d334e acf6c9d6 80ebf86f adf6c9d6
7fe1547937a0  848d235b adf6c9d6 e1c2345b 00000000
7fe1547937b0  00000000 00000000 00000000 00000000
7fe1547937c0  00000000 00000000 00000000 00000000
7fe1547937d0  00000000 00000000 00000000 00000000
7fe1547937e0  00000000 00000000 00000000 00000000
7fe1547937f0  00000000 00000000 00000000 00000000
7fe154793800  00000000 00000000 00000000 00000000
7fe154793810  00000000 00000000 00000000 00000000
7fe154793820  00000000 00000000 00000000 00000000
7fe154793830  00000000 00000000 00000000 00000000
7fe154793840  00000000 00000000 00000000 00000000
7fe154793850  00000000 00000000 00000000 00000000
7fe154793860  00000000 00000000 00000000 00000000
7fe154793870  00000000 00000000 00000000 00000000
7fe154793880  00000000 00000000 00000000 00000000
7fe154793890  00000000 00000000 00000000 00000000
7fe1547938a0  00000000 00000000 00000000 00000000
7fe1547938b0  00000000 00000000 00000000 00000000
7fe1547938c0  00000000 00000000 00000000 00000000
7fe1547938d0  00000000 00000000 00000000 00000000
7fe1547938e0  00000000 00000000 00000000 00000000
7fe1547938f0  00000000 00000000 00000000 00000000
7fe154793900  00000000 00000000 00000000 00000000
7fe154793910  00000000 00000000 00000000 00000000
7fe154793920  00000000 00000000 00000000 00000000
7fe154793930  00000000 00000000 00000000 00000000
7fe154793940  00000000 00000000 00000000 00000000
7fe154793950  00000000 00000000 00000000 00000000
7fe154793960  00000000 00000000 00000000 00000000
7fe154793970  00000000 00000000 00000000 00000000
7fe154793980  00000000 00000000 00000000 00000000
7fe154793990  00000000 00000000 00000000 00000000
7fe1547939a0  00000000 00000000 00000000 00000000
7fe1547939b0  00000000 00000000 00000000 00000000
7fe1547939c0  00000000 00000000 00000000 00000000
7fe1547939d0  00000000 00000000 00000000 00000000
7fe1547939e0  00000000 00000000 00000000 00000000
7fe1547939f0  00000000 00000000 00000000 00000000
7fe154793a00  00000000 00000000 00000000 00000000
7fe154793a10  00000000 00000000 00000000 00000000
7fe154793a20  00000000 00000000 00000000 00000000
7fe154793a30  00000000 00000000 00000000 00000000
7fe154793a40  00000000 00000000 00000000 00000000
7fe154793a50  00000000 00000000 00000000 00000000
7fe154793a60  00000000 00000000 00000000 00000000
7fe154793a70  00000000 00000000 00000000 00000000
7fe154793a80  00000000 00000000 00000000 00000000
7fe154793a90  00000000 00000000 00000000 00000000
7fe154793aa0  00000000 00000000 00000000 00000000
7fe154793ab0  00000000 00000000 00000000 00000000
7fe154793ac0  00000000 00000000 00000000 00000000
7fe154793ad0  00000000 00000000 00000000 00000000
7fe154793ae0  00000000 00000000 00000000 00000000
7fe154793af0  00000000 00000000 00000000 00000000
7fe154793b00  00000000 00000000 00000000 00000000
7fe154793b10  00000000 00000000 00000000 00000000
7fe154793b20  00000000 00000000 00000000 00000000
7fe154793b30  00000000 00000000 00000000 00000000
7fe154793b40  00000000 00000000 00000000 00000000
7fe154793b50  00000000 00000000 00000000 00000000
7fe154793b60  00000000 00000000 00000000 00000000
7fe154793b70  00000000 00000000 00000000 00000000
7fe154793b80  00000000 00000000 00000000 00000000
7fe154793b90  00000000 00000000 00000000 00000000
7fe154793ba0  00000000 00000000 00000000 00000000
7fe154793bb0  00000000 00000000 00000000 00000000
7fe154793bc0  00000000 00000000 54792b30 00007fe1
7fe154793bd0  54793640 00007fe1 00000000 00000000
7fe154793be0  00000000 00000000 00000000 00000000
7fe154793bf0  00000000 00000000 00000000 00000000
7fe154793c00  00000000 00000000 00000000 00000000
7fe154793c10  00000000 00000000 00000000 00000000
7fe154793c20  00000000 00000000 00000000 00000000
7fe154793c30  00000000 00000000 00000000 00000000
7fe154793c40  00000000 00000000 00000000 00000000
7fe154793c50  00000000 00000000 00000000 00000000
7fe154793c60  00000000 00000000 00000000 00000000
7fe154793c70  00000000 00000000 00000000 00000000
7fe154793c80  00000000 00000000 00000000 00000000
7fe154793c90  00000000 00000000 00000000 00000000
7fe154793ca0  00000000 00000000 00000000 00000000
7fe154793cb0  00000000 00000000 00000000 00000000
7fe154793cc0  00000000 00000000 00000000 00000000
7fe154793cd0  00000000 00000000 00000000 00000000
7fe154793ce0  00000000 00000000 00000000 00000000
7fe154793cf0  00000000 00000000 00000000 00000000
7fe154793d00  ffffffff 00000000 00000000 00000000
7fe154793d10  00000000 00000000 00000000 00000000
7fe154793d20  00000000 00000000 00000000 00000000
7fe154793d30  00000000 00000000 00000000 00000000
7fe154793d40  00000000 00000000 00000000 00000000
7fe154793d50  00000000 00000000 00000000 00000000
7fe154793d60  00000000 00000000 00000000 00000000
7fe154793d70  00000000 00000000 00000000 00000000
7fe154793d80  00000000 00000000 00000000 00000000
7fe154793d90  00000000 00000000 00000000 00000000
7fe154793da0  00000000 00000000 00000000 00000000
7fe154793db0  00000000 00000000 00000000 00000000
7fe154793dc0  00000000 00000000 00000000 00000000
7fe154793dd0  00000000 00000000 00000000 00000000
7fe154793de0  00000000 00000000 00000000 00000000
7fe154793df0  00000000 00000000 00000000 00000000
7fe154793e00  00000000 00000000 00000000 00000000
7fe154793e10  00000000 00000000 00000000 00000000
7fe154793e20  00000000 00000000 00000000 00000000
7fe154793e30  00000000 00000000 00000000 00000000
7fe154793e40  00000000 00000000 00000000 00000000
7fe154793e50  00000000 00000000 00000000 00000000
7fe154793e60  00000000 00000000 00000000 00000000
7fe154793e70  00000000 00000000 00000000 00000000
7fe154793e80  00000000 00000000 00000000 00000000
7fe154793e90  00000000 00000000 00000000 00000000
7fe154793ea0  00000000 00000000 00000000 00000000
7fe154793eb0  00000000 00000000 00000000 00000000
7fe154793ec0  00000000 00000000 00000000 00000000
7fe154793ed0  00000000 00000000 00000000 00000000
7fe154793ee0  00000000 00000000 00000000 00000000
7fe154793ef0  00000000 00000000 00000000 00000000
7fe154793f00  00000000 00000000 00000000 00000000
7fe154793f10  00000000 00000000 00000000 00000000
7fe154793f20  00000000 00000000 00000000 00000000
7fe154793f30  00000000 00000000 00000000 00000000
7fe154793f40  00000000 00000000 00000000 00000000
7fe154793f50  00000000 00000000 00000000 00000000
7fe154793f60  00000000 00000000 00000000 00000000
7fe154793f70  00000000 00000000 00000000 00000000
7fe154793f80  00000000 00000000 00000000 00000000
7fe154793f90  00000000 00000000 00000000 00000000
7fe154793fa0  00000000 00000000 00000000 00000000
7fe154793fb0  00000000 00000000 00000000 00000000
7fe154793fc0  00000000 00000000 00000000 00000000
7fe154793fd0  00000000 00000000 00000000 00000000
7fe154793fe0  00000000 00000000 00000000 00000000
7fe154793ff0  00000000 00000000 00000000 00000000
