
7fe154794000  00000000 00000000 00000000 00000000
7fe154794010  00000000 00000000 00000000 00000000
7fe154794020  00000000 00000000 00000000 00000000
7fe154794030  00000000 00000000 00000000 00000000
7fe154794040  00000000 00000000 00000000 00000000
7fe154794050  00000000 00000000 00000000 00000000
7fe154794060  00000000 00000000 00000000 00000000
7fe154794070  00000000 00000000 00000000 00000000
7fe154794080  00000000 00000000 00000000 00000000
7fe154794090  00000000 00000000 00000000 00000000
7fe1547940a0  00000000 00000000 00000000 00000000
7fe1547940b0  00000000 00000000 00000000 00000000
7fe1547940c0  00000000 00000000 00000000 00000000
7fe1547940d0  00000000 00000000 00000000 00000000
7fe1547940e0  00000000 00000000 00000000 00000000
7fe1547940f0  00000000 00000000 00000000 00000000
7fe154794100  00000000 00000000 00000000 00000000
7fe154794110  00000000 00000000 00000000 00000000
7fe154794120  00000000 00000000 00000000 00000000
7fe154794130  00000000 00000000 00000000 00000000
7fe154794140  00000000 00000000 00000000 00000000
7fe154794150  547946d8 00007fe1 00000000 00000000
7fe154794160  7b000002 045ebd5b 00000000 00000000
7fe154794170  00000000 00000000 00000000 00000000
7fe154794180  00000000 00000000 00000000 00000000
7fe154794190  00000000 00000000 00000000 00000000
7fe1547941a0  00000000 00000000 00000000 00000000
7fe1547941b0  00000000 00000000 00000000 00000000
7fe1547941c0  00000000 00000000 00000000 00000000
7fe1547941d0  00000000 00000000 00000000 00000000
7fe1547941e0  00000000 00000000 00000000 00000000
7fe1547941f0  00000000 00000000 00000000 00000000
7fe154794200  00000000 00000000 00000000 00000000
7fe154794210  00000000 00000000 00000000 00000000
7fe154794220  00000000 00000000 00000000 00000000
7fe154794230  00000000 00000000 00000000 00000000
7fe154794240  00000000 00000000 00000000 00000000
7fe154794250  00000000 00000000 00000000 00000000
7fe154794260  00000000 00000000 54794c70 00007fe1
7fe154794270  00000015 00000000 d6c9f6ec 8a685cb2
7fe154794280  53a0d7b0 00007fe1 00000030 ec060224
7fe154794290  bf020000 61070000 14025dc0 fff3c9d6
7fe1547942a0  6b9d334e ecf6c9d6 a36bf96f edf6c9d6
7fe1547942b0  704ca175 edf6c9d6 3571a575 00000000
7fe1547942c0  00000000 00000000 00000000 00000000
7fe1547942d0  00000000 00000000 00000000 00000000
7fe1547942e0  00000000 00000000 00000000 00000000
7fe1547942f0  00000000 00000000 00000000 00000000
7fe154794300  00000000 00000000 00000000 00000000
7fe154794310  00000000 00000000 00000000 00000000
7fe154794320  00000000 00000000 00000000 00000000
7fe154794330  00000000 00000000 00000000 00000000
7fe154794340  00000000 00000000 00000000 00000000
7fe154794350  00000000 00000000 00000000 00000000
7fe154794360  00000000 00000000 00000000 00000000
7fe154794370  00000000 00000000 00000000 00000000
7fe154794380  00000000 00000000 00000000 00000000
7fe154794390  00000000 00000000 00000000 00000000
7fe1547943a0  00000000 00000000 00000000 00000000
7fe1547943b0  00000000 00000000 00000000 00000000
7fe1547943c0  00000000 00000000 00000000 00000000
7fe1547943d0  00000000 00000000 00000000 00000000
7fe1547943e0  00000000 00000000 00000000 00000000
7fe1547943f0  00000000 00000000 00000000 00000000
7fe154794400  00000000 00000000 00000000 00000000
7fe154794410  00000000 00000000 00000000 00000000
7fe154794420  00000000 00000000 00000000 00000000
7fe154794430  00000000 00000000 00000000 00000000
7fe154794440  00000000 00000000 00000000 00000000
7fe154794450  00000000 00000000 00000000 00000000
7fe154794460  00000000 00000000 00000000 00000000
7fe154794470  00000000 00000000 00000000 00000000
7fe154794480  00000000 00000000 00000000 00000000
7fe154794490  00000000 00000000 00000000 00000000
7fe1547944a0  00000000 00000000 00000000 00000000
7fe1547944b0  00000000 00000000 00000000 00000000
7fe1547944c0  00000000 00000000 00000000 00000000
7fe1547944d0  00000000 00000000 00000000 00000000
7fe1547944e0  00000000 00000000 00000000 00000000
7fe1547944f0  00000000 00000000 00000000 00000000
7fe154794500  00000000 00000000 00000000 00000000
7fe154794510  00000000 00000000 00000000 00000000
7fe154794520  00000000 00000000 00000000 00000000
7fe154794530  00000000 00000000 00000000 00000000
7fe154794540  00000000 00000000 00000000 00000000
7fe154794550  00000000 00000000 00000000 00000000
7fe154794560  00000000 00000000 00000000 00000000
7fe154794570  00000000 00000000 00000000 00000000
7fe154794580  00000000 00000000 00000000 00000000
7fe154794590  00000000 00000000 00000000 00000000
7fe1547945a0  00000000 00000000 00000000 00000000
7fe1547945b0  00000000 00000000 00000000 00000000
7fe1547945c0  00000000 00000000 00000000 00000000
7fe1547945d0  00000000 00000000 00000000 00000000
7fe1547945e0  00000000 00000000 00000000 00000000
7fe1547945f0  00000000 00000000 00000000 00000000
7fe154794600  00000000 00000000 00000000 00000000
7fe154794610  00000000 00000000 00000000 00000000
7fe154794620  00000000 00000000 00000000 00000000
7fe154794630  00000000 00000000 00000000 00000000
7fe154794640  00000000 00000000 00000000 00000000
7fe154794650  00000000 00000000 00000000 00000000
7fe154794660  00000000 00000000 00000000 00000000
7fe154794670  00000000 00000000 00000000 00000000
7fe154794680  00000000 00000000 00000000 00000000
7fe154794690  00000000 00000000 00000000 00000000
7fe1547946a0  00000000 00000000 00000000 00000000
7fe1547946b0  00000000 00000000 00000000 00000000
7fe1547946c0  00000000 00000000 00000000 00000000
7fe1547946d0  00000000 00000000 54793640 00007fe1
7fe1547946e0  54794150 00007fe1 00000000 00000000
7fe1547946f0  00000000 00000000 00000000 00000000
7fe154794700  00000000 00000000 00000000 00000000
7fe154794710  00000000 00000000 00000000 00000000
7fe154794720  00000000 00000000 00000000 00000000
7fe154794730  00000000 00000000 00000000 00000000
7fe154794740  00000000 00000000 00000000 00000000
7fe154794750  00000000 00000000 00000000 00000000
7fe154794760  00000000 00000000 00000000 00000000
7fe154794770  00000000 00000000 00000000 00000000
7fe154794780  00000000 00000000 00000000 00000000
7fe154794790  00000000 00000000 00000000 00000000
7fe1547947a0  00000000 00000000 00000000 00000000
7fe1547947b0  00000000 00000000 00000000 00000000
7fe1547947c0  00000000 00000000 00000000 00000000
7fe1547947d0  00000000 00000000 00000000 00000000
7fe1547947e0  00000000 00000000 00000000 00000000
7fe1547947f0  00000000 00000000 00000000 00000000
7fe154794800  00000000 00000000 00000000 00000000
7fe154794810  ffffffff 00000000 00000000 00000000
7fe154794820  00000000 00000000 00000000 00000000
7fe154794830  00000000 00000000 00000000 00000000
7fe154794840  00000000 00000000 00000000 00000000
7fe154794850  00000000 00000000 00000000 00000000
7fe154794860  00000000 00000000 00000000 00000000
7fe154794870  00000000 00000000 00000000 00000000
7fe154794880  00000000 00000000 00000000 00000000
7fe154794890  00000000 00000000 00000000 00000000
7fe1547948a0  00000000 00000000 00000000 00000000
7fe1547948b0  00000000 00000000 00000000 00000000
7fe1547948c0  00000000 00000000 00000000 00000000
7fe1547948d0  00000000 00000000 00000000 00000000
7fe1547948e0  00000000 00000000 00000000 00000000
7fe1547948f0  00000000 00000000 00000000 00000000
7fe154794900  00000000 00000000 00000000 00000000
7fe154794910  00000000 00000000 00000000 00000000
7fe154794920  00000000 00000000 00000000 00000000
7fe154794930  00000000 00000000 00000000 00000000
7fe154794940  00000000 00000000 00000000 00000000
7fe154794950  00000000 00000000 00000000 00000000
7fe154794960  00000000 00000000 00000000 00000000
7fe154794970  00000000 00000000 00000000 00000000
7fe154794980  00000000 00000000 00000000 00000000
7fe154794990  00000000 00000000 00000000 00000000
7fe1547949a0  00000000 00000000 00000000 00000000
7fe1547949b0  00000000 00000000 00000000 00000000
7fe1547949c0  00000000 00000000 00000000 00000000
7fe1547949d0  00000000 00000000 00000000 00000000
7fe1547949e0  00000000 00000000 00000000 00000000
7fe1547949f0  00000000 00000000 00000000 00000000
7fe154794a00  00000000 00000000 00000000 00000000
7fe154794a10  00000000 00000000 00000000 00000000
7fe154794a20  00000000 00000000 00000000 00000000
7fe154794a30  00000000 00000000 00000000 00000000
7fe154794a40  00000000 00000000 00000000 00000000
7fe154794a50  00000000 00000000 00000000 00000000
7fe154794a60  00000000 00000000 00000000 00000000
7fe154794a70  00000000 00000000 00000000 00000000
7fe154794a80  00000000 00000000 00000000 00000000
7fe154794a90  00000000 00000000 00000000 00000000
7fe154794aa0  00000000 00000000 00000000 00000000
7fe154794ab0  00000000 00000000 00000000 00000000
7fe154794ac0  00000000 00000000 00000000 00000000
7fe154794ad0  00000000 00000000 00000000 00000000
7fe154794ae0  00000000 00000000 00000000 00000000
7fe154794af0  00000000 00000000 00000000 00000000
7fe154794b00  00000000 00000000 00000000 00000000
7fe154794b10  00000000 00000000 00000000 00000000
7fe154794b20  00000000 00000000 00000000 00000000
7fe154794b30  00000000 00000000 00000000 00000000
7fe154794b40  00000000 00000000 00000000 00000000
7fe154794b50  00000000 00000000 00000000 00000000
7fe154794b60  00000000 00000000 00000000 00000000
7fe154794b70  00000000 00000000 00000000 00000000
7fe154794b80  00000000 00000000 00000000 00000000
7fe154794b90  00000000 00000000 00000000 00000000
7fe154794ba0  00000000 00000000 00000000 00000000
7fe154794bb0  00000000 00000000 00000000 00000000
7fe154794bc0  00000000 00000000 00000000 00000000
7fe154794bd0  00000000 00000000 00000000 00000000
7fe154794be0  00000000 00000000 00000000 00000000
7fe154794bf0  00000000 00000000 00000000 00000000
7fe154794c00  00000000 00000000 00000000 00000000
7fe154794c10  00000000 00000000 00000000 00000000
7fe154794c20  00000000 00000000 00000000 00000000
7fe154794c30  00000000 00000000 00000000 00000000
7fe154794c40  00000000 00000000 00000000 00000000
7fe154794c50  00000000 00000000 00000000 00000000
7fe154794c60  00000000 00000000 00000231 00000000
7fe154794c70  00000015 ffffffff 7b000002 0f02000a
7fe154794c80  00000000 00000000 00000000 00000000
7fe154794c90  00000000 00000000 00000000 00000000
7fe154794ca0  00000000 00000000 00000000 00000000
7fe154794cb0  00000000 00000000 00000000 00000000
7fe154794cc0  00000000 00000000 00000000 00000000
7fe154794cd0  00000000 00000000 00000000 00000000
7fe154794ce0  00000000 00000000 00000000 00000000
7fe154794cf0  00000000 00000000 7b000002 ff02000a
7fe154794d00  00000000 00000000 00000000 00000000
7fe154794d10  00000000 00000000 00000000 00000000
7fe154794d20  00000000 00000000 00000000 00000000
7fe154794d30  00000000 00000000 00000000 00000000
7fe154794d40  00000000 00000000 00000000 00000000
7fe154794d50  00000000 00000000 00000000 00000000
7fe154794d60  00000000 00000000 00000000 00000000
7fe154794d70  00000000 00000000 7b000002 00ffffff
7fe154794d80  00000000 00000000 00000000 00000000
7fe154794d90  00000000 00000000 00000000 00000000
7fe154794da0  00000000 00000000 00000000 00000000
7fe154794db0  00000000 00000000 00000000 00000000
7fe154794dc0  00000000 00000000 00000000 00000000
7fe154794dd0  00000000 00000000 00000000 00000000
7fe154794de0  00000000 00000000 00000000 00000000
7fe154794df0  00000000 00000000 30687465 00000000
7fe154794e00  00000000 00000000 00000000 00000000
7fe154794e10  00000000 00000000 00000002 00000019
7fe154794e20  00000000 0f02000a 00000000 00000000
7fe154794e30  00000000 00000000 0000000f 00000000
7fe154794e40  0000000f 00000000 00000000 00000000
7fe154794e50  00000000 00000000 00000005 00000000
7fe154794e60  00000000 00000000 53c73710 00007fe1
7fe154794e70  53c73710 00007fe1 00000001 00000000
7fe154794e80  54790f70 00007fe1 00000000 00000000
7fe154794e90  00000000 00000000 000000a1 00000000
7fe154794ea0  7b000002 0f02000a 00000000 00000000
7fe154794eb0  00000000 00000000 00000000 00000000
7fe154794ec0  00000000 00000000 00000000 00000000
7fe154794ed0  00000000 00000000 00000000 00000000
7fe154794ee0  00000000 00000000 00000000 00000000
7fe154794ef0  00000000 00000000 00000000 00000000
7fe154794f00  00000000 00000000 00000000 00000000
7fe154794f10  00000000 00000000 00000000 00000000
7fe154794f20  54794c70 00007fe1 547911c0 00007fe1
7fe154794f30  00000000 00000000 00001f51 00000000
7fe154794f40  00000000 00000000 53cbf5c0 00007fe1
7fe154794f50  53cbf5c0 00007fe1 000005d0 00000000
7fe154794f60  b183f600 404f480b 00000358 00000000
7fe154794f70  0000000f 00000000 7b000002 045ebd5b
7fe154794f80  00000000 00000000 00000000 00000000
7fe154794f90  00000000 00000000 00000000 00000000
7fe154794fa0  00000000 00000000 00000000 00000000
7fe154794fb0  00000000 00000000 00000000 00000000
7fe154794fc0  00000000 00000000 00000000 00000000
7fe154794fd0  00000000 00000000 00000000 00000000
7fe154794fe0  00000000 00000000 00000000 00000000
7fe154794ff0  00000000 00000000 54794c70 00007fe1
