
0000b84ef000  00000000 00000000 00000000 00000000
0000b84ef010  00000000 00000000 00000000 00000000
0000b84ef020  00000000 00000309 00000000 00000000
0000b84ef030  00000000 00000000 00000000 00000000
0000b84ef040  00000000 00000000 00000000 00000000
0000b84ef050  00000000 00000000 00000000 00000000
0000b84ef060  00000000 00000000 00000000 00000000
0000b84ef070  00000000 00000000 00000000 00000000
0000b84ef080  00000000 00000000 00000000 00000000
0000b84ef090  00000000 00000000 00000000 00000000
0000b84ef0a0  00000000 00000000 00000000 00000000
0000b84ef0b0  00000000 00000000 00000000 00000000
0000b84ef0c0  00000000 00000000 00000000 00000000
0000b84ef0d0  00000000 00000000 00000000 00000000
0000b84ef0e0  00000000 00000000 00000000 00000000
0000b84ef0f0  00000000 00000000 00000000 00000000
0000b84ef100  00000000 00000000 00000000 00000000
0000b84ef110  00000000 00000000 00000000 00000000
0000b84ef120  00000000 00000000 00000000 00000000
0000b84ef130  00000000 00000000 00000000 00000000
0000b84ef140  00000000 00000000 00000000 00000000
0000b84ef150  00000000 00000000 00000000 00000000
0000b84ef160  00000000 00000000 00000000 00000000
0000b84ef170  00000000 00000000 00000000 00000000
0000b84ef180  00000000 00000000 00000000 00000000
0000b84ef190  00000000 00000000 00000000 00000000
0000b84ef1a0  00000000 00000000 00000000 00000000
0000b84ef1b0  00000000 00000000 00000000 00000000
0000b84ef1c0  00000000 00000000 00000000 00000000
0000b84ef1d0  00000000 00000000 00000000 00000000
0000b84ef1e0  00000000 00000000 00000000 00000000
0000b84ef1f0  00000000 00000000 00000000 00000000
0000b84ef200  00000000 00000000 00000000 00000000
0000b84ef210  00000000 00000000 00000000 00000000
0000b84ef220  00000000 00000000 00000000 00000000
0000b84ef230  00000000 00000000 00000000 00000000
0000b84ef240  00000000 00000000 00000000 00000000
0000b84ef250  00000000 00000000 00000000 00000000
0000b84ef260  00000000 00000000 00000000 00000000
0000b84ef270  00000000 00000000 00000000 00000000
0000b84ef280  00000000 00000000 00000000 00000000
0000b84ef290  00000000 00000000 00000000 00000000
0000b84ef2a0  00000000 00000000 00000000 00000000
0000b84ef2b0  00000000 00000000 00000000 00000000
0000b84ef2c0  00000000 00000000 00000000 00000000
0000b84ef2d0  00000000 00000000 00000000 00000000
0000b84ef2e0  00000000 00000000 00000000 00000000
0000b84ef2f0  00000000 00000000 00000000 00000000
0000b84ef300  00000000 00000000 00000000 00000000
0000b84ef310  00000000 00000000 00000000 00000000
0000b84ef320  00000000 00000000 00000000 00000309
0000b84ef330  00000000 00000000 00000000 00000000
0000b84ef340  00000000 00000000 00000000 00000000
0000b84ef350  00000000 00000000 00000000 00000000
0000b84ef360  00000000 00000000 00000000 00000000
0000b84ef370  00000000 00000000 00000000 00000000
0000b84ef380  00000000 00000000 00000000 00000000
0000b84ef390  00000000 00000000 00000000 00000000
0000b84ef3a0  00000000 00000000 00000000 00000000
0000b84ef3b0  00000000 00000000 00000000 00000000
0000b84ef3c0  00000000 00000000 00000000 00000000
0000b84ef3d0  00000000 00000000 00000000 00000000
0000b84ef3e0  00000000 00000000 00000000 00000000
0000b84ef3f0  00000000 00000000 00000000 00000000
0000b84ef400  00000000 00000000 00000000 00000000
0000b84ef410  00000000 00000000 00000000 00000000
0000b84ef420  00000000 00000000 00000000 00000000
0000b84ef430  00000000 00000000 00000000 00000000
0000b84ef440  00000000 00000000 00000000 00000000
0000b84ef450  00000000 00000000 00000000 00000000
0000b84ef460  00000000 00000000 00000000 00000000
0000b84ef470  00000000 00000000 00000000 00000000
0000b84ef480  00000000 00000000 00000000 00000000
0000b84ef490  00000000 00000000 00000000 00000000
0000b84ef4a0  00000000 00000000 00000000 00000000
0000b84ef4b0  00000000 00000000 00000000 00000000
0000b84ef4c0  00000000 00000000 00000000 00000000
0000b84ef4d0  00000000 00000000 00000000 00000000
0000b84ef4e0  00000000 00000000 00000000 00000000
0000b84ef4f0  00000000 00000000 00000000 00000000
0000b84ef500  00000000 00000000 00000000 00000000
0000b84ef510  00000000 00000000 00000000 00000000
0000b84ef520  00000000 00000000 00000000 00000000
0000b84ef530  00000000 00000000 00000000 00000000
0000b84ef540  00000000 00000000 00000000 00000000
0000b84ef550  00000000 00000000 00000000 00000000
0000b84ef560  00000000 00000000 00000000 00000000
0000b84ef570  00000000 00000000 00000000 00000000
0000b84ef580  00000000 00000000 00000000 00000000
0000b84ef590  00000000 00000000 00000000 00000000
0000b84ef5a0  00000000 00000000 00000000 00000000
0000b84ef5b0  00000000 00000000 00000000 00000000
0000b84ef5c0  00000000 00000000 00000000 00000000
0000b84ef5d0  00000000 00000000 00000000 00000000
0000b84ef5e0  00000000 00000000 00000000 00000000
0000b84ef5f0  00000000 00000000 00000000 00000000
0000b84ef600  00000000 00000000 00000000 00000000
0000b84ef610  00000000 00000000 00000000 00000000
0000b84ef620  00000000 00000000 00000000 00000000
0000b84ef630  00000000 00000309 00000000 00000000
0000b84ef640  00000000 00000000 00000000 00000000
0000b84ef650  00000000 00000000 00000000 00000000
0000b84ef660  00000000 00000000 00000000 00000000
0000b84ef670  00000000 00000000 00000000 00000000
0000b84ef680  00000000 00000000 00000000 00000000
0000b84ef690  00000000 00000000 00000000 00000000
0000b84ef6a0  00000000 00000000 00000000 00000000
0000b84ef6b0  00000000 00000000 00000000 00000000
0000b84ef6c0  00000000 00000000 00000000 00000000
0000b84ef6d0  00000000 00000000 00000000 00000000
0000b84ef6e0  00000000 00000000 00000000 00000000
0000b84ef6f0  00000000 00000000 00000000 00000000
0000b84ef700  00000000 00000000 00000000 00000000
0000b84ef710  00000000 00000000 00000000 00000000
0000b84ef720  00000000 00000000 00000000 00000000
0000b84ef730  00000000 00000000 00000000 00000000
0000b84ef740  00000000 00000000 00000000 00000000
0000b84ef750  00000000 00000000 00000000 00000000
0000b84ef760  00000000 00000000 00000000 00000000
0000b84ef770  00000000 00000000 00000000 00000000
0000b84ef780  00000000 00000000 00000000 00000000
0000b84ef790  00000000 00000000 00000000 00000000
0000b84ef7a0  00000000 00000000 00000000 00000000
0000b84ef7b0  00000000 00000000 00000000 00000000
0000b84ef7c0  00000000 00000000 00000000 00000000
0000b84ef7d0  00000000 00000000 00000000 00000000
0000b84ef7e0  00000000 00000000 00000000 00000000
0000b84ef7f0  00000000 00000000 00000000 00000000
0000b84ef800  00000000 00000000 00000000 00000000
0000b84ef810  00000000 00000000 00000000 00000000
0000b84ef820  00000000 00000000 00000000 00000000
0000b84ef830  00000000 00000000 00000000 00000000
0000b84ef840  00000000 00000000 00000000 00000000
0000b84ef850  00000000 00000000 00000000 00000000
0000b84ef860  00000000 00000000 00000000 00000000
0000b84ef870  00000000 00000000 00000000 00000000
0000b84ef880  00000000 00000000 00000000 00000000
0000b84ef890  00000000 00000000 00000000 00000000
0000b84ef8a0  00000000 00000000 00000000 00000000
0000b84ef8b0  00000000 00000000 00000000 00000000
0000b84ef8c0  00000000 00000000 00000000 00000000
0000b84ef8d0  00000000 00000000 00000000 00000000
0000b84ef8e0  00000000 00000000 00000000 00000000
0000b84ef8f0  00000000 00000000 00000000 00000000
0000b84ef900  00000000 00000000 00000000 00000000
0000b84ef910  00000000 00000000 00000000 00000000
0000b84ef920  00000000 00000000 00000000 00000000
0000b84ef930  00000000 00000000 00000000 00000021
0000b84ef940  0026ad88 00000000 00000000 b84efc98
0000b84ef950  b84efc98 b84f3b18 00000020 00000019
0000b84ef960  00000006 00000006 00000000 6265442a
0000b84ef970  00006775 00000019 00000005 00000005
0000b84ef980  00000000 7365542a 00000074 00000309
0000b84ef990  00000000 00000000 00000000 00000000
0000b84ef9a0  00000000 00000000 00000000 00000000
0000b84ef9b0  00000000 00000000 00000000 00000000
0000b84ef9c0  00000000 00000000 00000000 00000000
0000b84ef9d0  00000000 00000000 00000000 00000000
0000b84ef9e0  00000000 00000000 00000000 00000000
0000b84ef9f0  00000000 00000000 00000000 00000000
0000b84efa00  00000000 00000000 00000000 00000000
0000b84efa10  00000000 00000000 00000000 00000000
0000b84efa20  00000000 00000000 00000000 00000000
0000b84efa30  00000000 00000000 00000000 00000000
0000b84efa40  00000000 00000000 00000000 00000000
0000b84efa50  00000000 00000000 00000000 00000000
0000b84efa60  00000000 00000000 00000000 00000000
0000b84efa70  00000000 00000000 00000000 00000000
0000b84efa80  00000000 00000000 00000000 00000000
0000b84efa90  00000000 00000000 00000000 00000000
0000b84efaa0  00000000 00000000 00000000 00000000
0000b84efab0  00000000 00000000 00000000 00000000
0000b84efac0  00000000 00000000 00000000 00000000
0000b84efad0  00000000 00000000 00000000 00000000
0000b84efae0  00000000 00000000 00000000 00000000
0000b84efaf0  00000000 00000000 00000000 00000000
0000b84efb00  00000000 00000000 00000000 00000000
0000b84efb10  00000000 00000000 00000000 00000000
0000b84efb20  00000000 00000000 00000000 00000000
0000b84efb30  00000000 00000000 00000000 00000000
0000b84efb40  00000000 00000000 00000000 00000000
0000b84efb50  00000000 00000000 00000000 00000000
0000b84efb60  00000000 00000000 00000000 00000000
0000b84efb70  00000000 00000000 00000000 00000000
0000b84efb80  00000000 00000000 00000000 00000000
0000b84efb90  00000000 00000000 00000000 00000000
0000b84efba0  00000000 00000000 00000000 00000000
0000b84efbb0  00000000 00000000 00000000 00000000
0000b84efbc0  00000000 00000000 00000000 00000000
0000b84efbd0  00000000 00000000 00000000 00000000
0000b84efbe0  00000000 00000000 00000000 00000000
0000b84efbf0  00000000 00000000 00000000 00000000
0000b84efc00  00000000 00000000 00000000 00000000
0000b84efc10  00000000 00000000 00000000 00000000
0000b84efc20  00000000 00000000 00000000 00000000
0000b84efc30  00000000 00000000 00000000 00000000
0000b84efc40  00000000 00000000 00000000 00000000
0000b84efc50  00000000 00000000 00000000 00000000
0000b84efc60  00000000 00000000 00000000 00000000
0000b84efc70  00000000 00000000 00000000 00000000
0000b84efc80  00000000 00000000 00000000 00000000
0000b84efc90  00000000 00003e89 00000000 00000000
0000b84efca0  00000000 00000000 00000000 00000000
0000b84efcb0  00000000 00000000 00000000 00000000
0000b84efcc0  00000000 00000000 00000000 00000000
0000b84efcd0  00000000 00000000 00000000 00000000
0000b84efce0  00000000 00000000 00000000 00000000
0000b84efcf0  00000000 00000000 00000000 00000000
0000b84efd00  00000000 00000000 00000000 00000000
0000b84efd10  00000000 00000000 00000000 00000000
0000b84efd20  00000000 00000000 00000000 00000000
0000b84efd30  00000000 00000000 00000000 00000000
0000b84efd40  00000000 00000000 00000000 00000000
0000b84efd50  00000000 00000000 00000000 00000000
0000b84efd60  00000000 00000000 00000000 00000000
0000b84efd70  00000000 00000000 00000000 00000000
0000b84efd80  00000000 00000000 00000000 00000000
0000b84efd90  00000000 00000000 00000000 00000000
0000b84efda0  00000000 00000000 00000000 00000000
0000b84efdb0  00000000 00000000 00000000 00000000
0000b84efdc0  00000000 00000000 00000000 00000000
0000b84efdd0  00000000 00000000 00000000 00000000
0000b84efde0  00000000 00000000 00000000 00000000
0000b84efdf0  00000000 00000000 00000000 00000000
0000b84efe00  00000000 00000000 00000000 00000000
0000b84efe10  00000000 00000000 00000000 00000000
0000b84efe20  00000000 00000000 00000000 00000000
0000b84efe30  00000000 00000000 00000000 00000000
0000b84efe40  00000000 00000000 00000000 00000000
0000b84efe50  00000000 00000000 00000000 00000000
0000b84efe60  00000000 00000000 00000000 00000000
0000b84efe70  00000000 00000000 00000000 00000000
0000b84efe80  00000000 00000000 00000000 00000000
0000b84efe90  00000000 00000000 00000000 00000000
0000b84efea0  00000000 00000000 00000000 00000000
0000b84efeb0  00000000 00000000 00000000 00000000
0000b84efec0  00000000 00000000 00000000 00000000
0000b84efed0  00000000 00000000 00000000 00000000
0000b84efee0  00000000 00000000 00000000 00000000
0000b84efef0  00000000 00000000 00000000 00000000
0000b84eff00  00000000 00000000 00000000 00000000
0000b84eff10  00000000 00000000 00000000 00000000
0000b84eff20  00000000 00000000 00000000 00000000
0000b84eff30  00000000 00000000 00000000 00000000
0000b84eff40  00000000 00000000 00000000 00000000
0000b84eff50  00000000 00000000 00000000 00000000
0000b84eff60  00000000 00000000 00000000 00000000
0000b84eff70  00000000 00000000 00000000 00000000
0000b84eff80  00000000 00000000 00000000 00000000
0000b84eff90  00000000 00000000 00000000 00000000
0000b84effa0  00000000 00000000 00000000 00000000
0000b84effb0  00000000 00000000 00000000 00000000
0000b84effc0  00000000 00000000 00000000 00000000
0000b84effd0  00000000 00000000 00000000 00000000
0000b84effe0  00000000 00000000 00000000 00000000
0000b84efff0  00000000 00000000 00000000 00000000
