
7fe154795000  04047b00 00000001 547950d0 00007fe1
7fe154795010  00000000 00000000 00000000 00000000
7fe154795020  00000000 00000000 547950a0 00007fe1
7fe154795030  00000000 00000000 00000000 00000000
7fe154795040  00000000 00000000 00000000 00000000
7fe154795050  00000000 00000000 00000000 00000000
7fe154795060  ffffffff 00000000 00000000 00000000
7fe154795070  00000000 00000000 52f9bf00 00007fe1
7fe154795080  52c99b60 00007fe1 52c9b160 00007fe1
7fe154795090  54ea3160 00007fff 54ea3158 00007fff
7fe1547950a0  00000000 00000000 00000000 00000000
7fe1547950b0  00000000 00000000 00000000 00000000
7fe1547950c0  00000000 00000000 00000000 00000000
7fe1547950d0  54795198 00007fe1 00000000 00000000
7fe1547950e0  00000000 00000000 00000000 00000000
7fe1547950f0  00000000 00000000 00000000 00000000
7fe154795100  00000000 00000000 00000000 00000000
7fe154795110  00000000 00000000 00000000 00000000
7fe154795120  00000000 00000000 00000000 00000000
7fe154795130  00000000 00000000 00000000 00000000
7fe154795140  00000000 00000000 00000000 00000000
7fe154795150  00000000 00000000 00000000 00000000
7fe154795160  00000000 00000000 00000000 00000000
7fe154795170  00000000 00000000 00000000 00000000
7fe154795180  00000000 00000000 00000000 00000000
7fe154795190  00000000 00000000 54795260 00007fe1
7fe1547951a0  00000000 00000000 00000000 00000000
7fe1547951b0  00000000 00000000 00000000 00000000
7fe1547951c0  00000000 00000000 00000000 00000000
7fe1547951d0  00000000 00000000 00000000 00000000
7fe1547951e0  00000000 00000000 00000000 00000000
7fe1547951f0  000002c0 00000000 00000060 00000000
7fe154795200  00000000 00000000 32203131 31343a30
7fe154795210  2034353a 6470746e 3736335b 203a5d34
7fe154795220  7473694c 6e696e65 6e6f2067 746e6920
7fe154795230  61667265 23206563 74652035 202c3068
7fe154795240  302e3031 312e322e 32312335 6e452033
7fe154795250  656c6261 00000064 0001adb1 00000000
7fe154795260  54795328 00007fe1 00000000 00000000
7fe154795270  00000000 00000000 00000000 00000000
7fe154795280  00000000 00000000 00000000 00000000
7fe154795290  00000000 00000000 00000000 00000000
7fe1547952a0  00000000 00000000 00000000 00000000
7fe1547952b0  00000000 00000000 00000000 00000000
7fe1547952c0  00000000 00000000 00000000 00000000
7fe1547952d0  00000000 00000000 00000000 00000000
7fe1547952e0  00000000 00000000 00000000 00000000
7fe1547952f0  00000000 00000000 00000000 00000000
7fe154795300  00000000 00000000 00000000 00000000
7fe154795310  00000000 00000000 00000000 00000000
7fe154795320  00000000 00000000 547953f0 00007fe1
7fe154795330  00000000 00000000 00000000 00000000
7fe154795340  00000000 00000000 00000000 00000000
7fe154795350  00000000 00000000 00000000 00000000
7fe154795360  00000000 00000000 00000000 00000000
7fe154795370  00000000 00000000 00000000 00000000
7fe154795380  00000000 00000000 00000000 00000000
7fe154795390  00000000 00000000 00000000 00000000
7fe1547953a0  00000000 00000000 00000000 00000000
7fe1547953b0  00000000 00000000 00000000 00000000
7fe1547953c0  00000000 00000000 00000000 00000000
7fe1547953d0  00000000 00000000 00000000 00000000
7fe1547953e0  00000000 00000000 00000000 00000000
7fe1547953f0  547954b8 00007fe1 00000000 00000000
7fe154795400  00000000 00000000 00000000 00000000
7fe154795410  00000000 00000000 00000000 00000000
7fe154795420  00000000 00000000 00000000 00000000
7fe154795430  00000000 00000000 00000000 00000000
7fe154795440  00000000 00000000 00000000 00000000
7fe154795450  00000000 00000000 00000000 00000000
7fe154795460  00000000 00000000 00000000 00000000
7fe154795470  00000000 00000000 00000000 00000000
7fe154795480  00000000 00000000 00000000 00000000
7fe154795490  00000000 00000000 00000000 00000000
7fe1547954a0  00000000 00000000 00000000 00000000
7fe1547954b0  00000000 00000000 54795580 00007fe1
7fe1547954c0  00000000 00000000 00000000 00000000
7fe1547954d0  00000000 00000000 00000000 00000000
7fe1547954e0  00000000 00000000 00000000 00000000
7fe1547954f0  00000000 00000000 00000000 00000000
7fe154795500  00000000 00000000 00000000 00000000
7fe154795510  00000000 00000000 00000000 00000000
7fe154795520  00000000 00000000 00000000 00000000
7fe154795530  00000000 00000000 00000000 00000000
7fe154795540  00000000 00000000 00000000 00000000
7fe154795550  00000000 00000000 00000000 00000000
7fe154795560  00000000 00000000 00000000 00000000
7fe154795570  00000000 00000000 00000000 00000000
7fe154795580  54795648 00007fe1 00000000 00000000
7fe154795590  00000000 00000000 00000000 00000000
7fe1547955a0  00000000 00000000 00000000 00000000
7fe1547955b0  00000000 00000000 00000000 00000000
7fe1547955c0  00000000 00000000 00000000 00000000
7fe1547955d0  00000000 00000000 00000000 00000000
7fe1547955e0  00000000 00000000 00000000 00000000
7fe1547955f0  00000000 00000000 00000000 00000000
7fe154795600  00000000 00000000 00000000 00000000
7fe154795610  00000000 00000000 00000000 00000000
7fe154795620  00000000 00000000 00000000 00000000
7fe154795630  00000000 00000000 00000000 00000000
7fe154795640  00000000 00000000 54795710 00007fe1
7fe154795650  00000000 00000000 00000000 00000000
7fe154795660  00000000 00000000 00000000 00000000
7fe154795670  00000000 00000000 00000000 00000000
7fe154795680  00000000 00000000 00000000 00000000
7fe154795690  00000000 00000000 00000000 00000000
7fe1547956a0  00000000 00000000 00000000 00000000
7fe1547956b0  00000000 00000000 00000000 00000000
7fe1547956c0  00000000 00000000 00000000 00000000
7fe1547956d0  00000000 00000000 00000000 00000000
7fe1547956e0  00000000 00000000 00000000 00000000
7fe1547956f0  00000000 00000000 00000000 00000000
7fe154795700  00000000 00000000 00000000 00000000
7fe154795710  547957d8 00007fe1 00000000 00000000
7fe154795720  00000000 00000000 00000000 00000000
7fe154795730  00000000 00000000 00000000 00000000
7fe154795740  00000000 00000000 00000000 00000000
7fe154795750  00000000 00000000 00000000 00000000
7fe154795760  00000000 00000000 00000000 00000000
7fe154795770  00000000 00000000 00000000 00000000
7fe154795780  00000000 00000000 00000000 00000000
7fe154795790  00000000 00000000 00000000 00000000
7fe1547957a0  00000000 00000000 00000000 00000000
7fe1547957b0  00000000 00000000 00000000 00000000
7fe1547957c0  00000000 00000000 00000000 00000000
7fe1547957d0  00000000 00000000 547958a0 00007fe1
7fe1547957e0  00000000 00000000 00000000 00000000
7fe1547957f0  00000000 00000000 00000000 00000000
7fe154795800  00000000 00000000 00000000 00000000
7fe154795810  00000000 00000000 00000000 00000000
7fe154795820  00000000 00000000 00000000 00000000
7fe154795830  00000000 00000000 00000000 00000000
7fe154795840  00000000 00000000 00000000 00000000
7fe154795850  00000000 00000000 00000000 00000000
7fe154795860  00000000 00000000 00000000 00000000
7fe154795870  00000000 00000000 00000000 00000000
7fe154795880  00000000 00000000 00000000 00000000
7fe154795890  00000000 00000000 00000000 00000000
7fe1547958a0  54795968 00007fe1 00000000 00000000
7fe1547958b0  00000000 00000000 00000000 00000000
7fe1547958c0  00000000 00000000 00000000 00000000
7fe1547958d0  00000000 00000000 00000000 00000000
7fe1547958e0  00000000 00000000 00000000 00000000
7fe1547958f0  00000000 00000000 00000000 00000000
7fe154795900  00000000 00000000 00000000 00000000
7fe154795910  00000000 00000000 00000000 00000000
7fe154795920  00000000 00000000 00000000 00000000
7fe154795930  00000000 00000000 00000000 00000000
7fe154795940  00000000 00000000 00000000 00000000
7fe154795950  00000000 00000000 00000000 00000000
7fe154795960  00000000 00000000 54795a30 00007fe1
7fe154795970  00000000 00000000 00000000 00000000
7fe154795980  00000000 00000000 00000000 00000000
7fe154795990  00000000 00000000 00000000 00000000
7fe1547959a0  00000000 00000000 00000000 00000000
7fe1547959b0  00000000 00000000 00000000 00000000
7fe1547959c0  00000000 00000000 00000000 00000000
7fe1547959d0  00000000 00000000 00000000 00000000
7fe1547959e0  00000000 00000000 00000000 00000000
7fe1547959f0  00000000 00000000 00000000 00000000
7fe154795a00  00000000 00000000 00000000 00000000
7fe154795a10  00000000 00000000 00000000 00000000
7fe154795a20  00000000 00000000 00000000 00000000
7fe154795a30  54795af8 00007fe1 00000000 00000000
7fe154795a40  00000000 00000000 00000000 00000000
7fe154795a50  00000000 00000000 00000000 00000000
7fe154795a60  00000000 00000000 00000000 00000000
7fe154795a70  00000000 00000000 00000000 00000000
7fe154795a80  00000000 00000000 00000000 00000000
7fe154795a90  00000000 00000000 00000000 00000000
7fe154795aa0  00000000 00000000 00000000 00000000
7fe154795ab0  00000000 00000000 00000000 00000000
7fe154795ac0  00000000 00000000 00000000 00000000
7fe154795ad0  00000000 00000000 00000000 00000000
7fe154795ae0  00000000 00000000 00000000 00000000
7fe154795af0  00000000 00000000 54795bc0 00007fe1
7fe154795b00  00000000 00000000 00000000 00000000
7fe154795b10  00000000 00000000 00000000 00000000
7fe154795b20  00000000 00000000 00000000 00000000
7fe154795b30  00000000 00000000 00000000 00000000
7fe154795b40  00000000 00000000 00000000 00000000
7fe154795b50  00000000 00000000 00000000 00000000
7fe154795b60  00000000 00000000 00000000 00000000
7fe154795b70  00000000 00000000 00000000 00000000
7fe154795b80  00000000 00000000 00000000 00000000
7fe154795b90  00000000 00000000 00000000 00000000
7fe154795ba0  00000000 00000000 00000000 00000000
7fe154795bb0  00000000 00000000 00000000 00000000
7fe154795bc0  54795c88 00007fe1 00000000 00000000
7fe154795bd0  00000000 00000000 00000000 00000000
7fe154795be0  00000000 00000000 00000000 00000000
7fe154795bf0  00000000 00000000 00000000 00000000
7fe154795c00  00000000 00000000 00000000 00000000
7fe154795c10  00000000 00000000 00000000 00000000
7fe154795c20  00000000 00000000 00000000 00000000
7fe154795c30  00000000 00000000 00000000 00000000
7fe154795c40  00000000 00000000 00000000 00000000
7fe154795c50  00000000 00000000 00000000 00000000
7fe154795c60  00000000 00000000 00000000 00000000
7fe154795c70  00000000 00000000 00000000 00000000
7fe154795c80  00000000 00000000 54795d50 00007fe1
7fe154795c90  00000000 00000000 00000000 00000000
7fe154795ca0  00000000 00000000 00000000 00000000
7fe154795cb0  00000000 00000000 00000000 00000000
7fe154795cc0  00000000 00000000 00000000 00000000
7fe154795cd0  00000000 00000000 00000000 00000000
7fe154795ce0  00000000 00000000 00000000 00000000
7fe154795cf0  00000000 00000000 00000000 00000000
7fe154795d00  00000000 00000000 00000000 00000000
7fe154795d10  00000000 00000000 00000000 00000000
7fe154795d20  00000000 00000000 00000000 00000000
7fe154795d30  00000000 00000000 00000000 00000000
7fe154795d40  00000000 00000000 00000000 00000000
7fe154795d50  54795e18 00007fe1 00000000 00000000
7fe154795d60  00000000 00000000 00000000 00000000
7fe154795d70  00000000 00000000 00000000 00000000
7fe154795d80  00000000 00000000 00000000 00000000
7fe154795d90  00000000 00000000 00000000 00000000
7fe154795da0  00000000 00000000 00000000 00000000
7fe154795db0  00000000 00000000 00000000 00000000
7fe154795dc0  00000000 00000000 00000000 00000000
7fe154795dd0  00000000 00000000 00000000 00000000
7fe154795de0  00000000 00000000 00000000 00000000
7fe154795df0  00000000 00000000 00000000 00000000
7fe154795e00  00000000 00000000 00000000 00000000
7fe154795e10  00000000 00000000 54795ee0 00007fe1
7fe154795e20  00000000 00000000 00000000 00000000
7fe154795e30  00000000 00000000 00000000 00000000
7fe154795e40  00000000 00000000 00000000 00000000
7fe154795e50  00000000 00000000 00000000 00000000
7fe154795e60  00000000 00000000 00000000 00000000
7fe154795e70  00000000 00000000 00000000 00000000
7fe154795e80  00000000 00000000 00000000 00000000
7fe154795e90  00000000 00000000 00000000 00000000
7fe154795ea0  00000000 00000000 00000000 00000000
7fe154795eb0  00000000 00000000 00000000 00000000
7fe154795ec0  00000000 00000000 00000000 00000000
7fe154795ed0  00000000 00000000 00000000 00000000
7fe154795ee0  54795fa8 00007fe1 00000000 00000000
7fe154795ef0  00000000 00000000 00000000 00000000
7fe154795f00  00000000 00000000 00000000 00000000
7fe154795f10  00000000 00000000 00000000 00000000
7fe154795f20  00000000 00000000 00000000 00000000
7fe154795f30  00000000 00000000 00000000 00000000
7fe154795f40  00000000 00000000 00000000 00000000
7fe154795f50  00000000 00000000 00000000 00000000
7fe154795f60  00000000 00000000 00000000 00000000
7fe154795f70  00000000 00000000 00000000 00000000
7fe154795f80  00000000 00000000 00000000 00000000
7fe154795f90  00000000 00000000 00000000 00000000
7fe154795fa0  00000000 00000000 54796070 00007fe1
7fe154795fb0  00000000 00000000 00000000 00000000
7fe154795fc0  00000000 00000000 00000000 00000000
7fe154795fd0  00000000 00000000 00000000 00000000
7fe154795fe0  00000000 00000000 00000000 00000000
7fe154795ff0  00000000 00000000 00000000 00000000
