
0000b84f6000  00000000 00000000 00000000 00000000
0000b84f6010  00000000 00000000 00000000 00000000
0000b84f6020  00000000 00000000 00000000 00000000
0000b84f6030  00000000 00000000 00000000 00000000
0000b84f6040  00000000 00000000 00000000 00000000
0000b84f6050  00000000 00000000 00000000 00000000
0000b84f6060  00000000 00000000 00000000 00000000
0000b84f6070  00000000 00000000 00000000 00000000
0000b84f6080  00000000 00000000 00000000 00000000
0000b84f6090  00000000 00000000 00000000 00000000
0000b84f60a0  00000000 00000000 00000000 00000000
0000b84f60b0  00000000 00000000 00000000 00000000
0000b84f60c0  00000000 00000000 00000000 00000000
0000b84f60d0  00000000 00000000 00000000 00000000
0000b84f60e0  00000000 00000000 00000000 00000000
0000b84f60f0  00000000 00000000 00000000 00000000
0000b84f6100  00000000 00000000 00000000 00000000
0000b84f6110  00000000 00000000 00000000 00000000
0000b84f6120  00000000 00000000 00000000 00000000
0000b84f6130  00000000 00000000 00000000 00000000
0000b84f6140  00000000 00000000 00000000 00000000
0000b84f6150  00000000 00000000 00000000 00000000
0000b84f6160  00000000 00000000 00000000 00000000
0000b84f6170  00000000 00000000 00000000 00000000
0000b84f6180  00000000 00000000 00000000 00000000
0000b84f6190  00000000 00000000 00000000 00000000
0000b84f61a0  00000000 00000000 00000000 00000000
0000b84f61b0  00000000 00000000 00000000 00000000
0000b84f61c0  00000000 00000000 00000000 00000000
0000b84f61d0  00000000 00000000 00000000 00000000
0000b84f61e0  00000000 00000000 00000000 00000000
0000b84f61f0  00000000 00000000 00000000 00000000
0000b84f6200  00000000 00000000 00000000 00000000
0000b84f6210  00000000 00000000 00000000 00000000
0000b84f6220  00000000 00000000 00000000 00000000
0000b84f6230  00000000 00000000 00000000 00000000
0000b84f6240  00000000 00000000 00000000 00000000
0000b84f6250  00000000 00000000 00000000 00000000
0000b84f6260  00000000 00000000 00000000 00000000
0000b84f6270  00000000 00000000 00000000 00000000
0000b84f6280  00000000 00000000 00000000 00000000
0000b84f6290  00000000 00000000 00000000 00000000
0000b84f62a0  00000000 00000000 00000000 00000000
0000b84f62b0  00000000 00000000 00000000 00000000
0000b84f62c0  00000000 00000000 00000000 00000000
0000b84f62d0  00000000 00000000 00000000 00000000
0000b84f62e0  00000000 00000000 00000000 00000000
0000b84f62f0  00000000 00000000 00000000 00000000
0000b84f6300  00000000 00000000 00000000 00000000
0000b84f6310  00000000 00000000 00000000 00000000
0000b84f6320  00000000 00000000 00000000 00000000
0000b84f6330  00000000 00000000 00000000 00000000
0000b84f6340  00000000 00000000 00000000 00000000
0000b84f6350  00000000 00000000 00000000 00000000
0000b84f6360  00000000 00000000 00000000 00000000
0000b84f6370  00000000 00000000 00000000 00000000
0000b84f6380  00000000 00000000 00000000 00000000
0000b84f6390  00000000 00000000 00000000 00000000
0000b84f63a0  00000000 00000000 00000000 00000000
0000b84f63b0  00000000 00000000 00000000 00000000
0000b84f63c0  00000000 00000000 00000000 00000000
0000b84f63d0  00000000 00000000 00000000 00000000
0000b84f63e0  00000000 00000000 00000000 00000000
0000b84f63f0  00000000 00000000 00000000 00000000
0000b84f6400  00000000 00000000 00000000 00000000
0000b84f6410  00000000 00000000 00000000 00000000
0000b84f6420  00000000 00000000 00000000 00000000
0000b84f6430  00000000 00000000 00000000 00000000
0000b84f6440  00000000 00000000 00000000 00000000
0000b84f6450  00000000 00000000 00000000 00000000
0000b84f6460  00000000 00000000 00000000 00000000
0000b84f6470  00000000 00000000 00000000 00000000
0000b84f6480  00000000 00000000 00000000 00000000
0000b84f6490  00000000 00000000 00000000 00000000
0000b84f64a0  00000000 00000000 00000000 00000000
0000b84f64b0  00000000 00000000 00000000 00000000
0000b84f64c0  00000000 00000000 00000000 00000000
0000b84f64d0  00000000 00000000 00000000 00000000
0000b84f64e0  00000000 00000000 00000000 00000000
0000b84f64f0  00000000 00000000 00000000 00000000
0000b84f6500  00000000 00000000 00000000 00000000
0000b84f6510  00000000 00000000 00000000 00000000
0000b84f6520  00000000 00000000 00000000 00000000
0000b84f6530  00000000 00000000 00000000 00000000
0000b84f6540  00000000 00000000 00000000 00000000
0000b84f6550  00000000 00000000 00000000 00000000
0000b84f6560  00000000 00000000 00000000 00000000
0000b84f6570  00000000 00000000 00000000 00000000
0000b84f6580  00000000 00000000 00000000 00000000
0000b84f6590  00000000 00000000 00000000 00000000
0000b84f65a0  00000000 00000000 00000000 00000000
0000b84f65b0  00000000 00000000 00000000 00000000
0000b84f65c0  00000000 00000000 00000000 00000000
0000b84f65d0  00000000 00000000 00000000 00000000
0000b84f65e0  00000000 00000000 00000000 00000000
0000b84f65f0  00000000 00000000 00000000 00000000
0000b84f6600  00000000 00000000 00000000 00000000
0000b84f6610  00000000 00000000 00000000 00000000
0000b84f6620  00000000 00000000 00000000 00000000
0000b84f6630  00000000 00000000 00000000 00000000
0000b84f6640  00000000 00000000 00000000 00000000
0000b84f6650  00000000 00000000 00000000 00000000
0000b84f6660  00000000 00000000 00000000 00000000
0000b84f6670  00000000 00000000 00000000 00000000
0000b84f6680  00000000 00000000 00000000 00000000
0000b84f6690  00000000 00000000 00000000 00000000
0000b84f66a0  00000000 00000000 00000000 00000000
0000b84f66b0  00000000 00000000 00000000 00000000
0000b84f66c0  00000000 00000201 00000000 00000000
0000b84f66d0  00000000 00000000 00000000 00000000
0000b84f66e0  00000000 00000000 00000000 00000000
0000b84f66f0  00000000 00000000 00000000 00000000
0000b84f6700  00000000 00000000 00000000 00000000
0000b84f6710  00000000 00000000 00000000 00000000
0000b84f6720  00000000 00000000 00000000 00000000
0000b84f6730  00000000 00000000 00000000 00000000
0000b84f6740  00000000 00000000 00000000 00000000
0000b84f6750  00000000 00000000 00000000 00000000
0000b84f6760  00000000 00000000 00000000 00000000
0000b84f6770  00000000 00000000 00000000 00000000
0000b84f6780  00000000 00000000 00000000 00000000
0000b84f6790  00000000 00000000 00000000 00000000
0000b84f67a0  00000000 00000000 00000000 00000000
0000b84f67b0  00000000 00000000 00000000 00000000
0000b84f67c0  00000000 00000000 00000000 00000000
0000b84f67d0  00000000 00000000 00000000 00000000
0000b84f67e0  00000000 00000000 00000000 00000000
0000b84f67f0  00000000 00000000 00000000 00000000
0000b84f6800  00000000 00000000 00000000 00000000
0000b84f6810  00000000 00000000 00000000 00000000
0000b84f6820  00000000 00000000 00000000 00000000
0000b84f6830  00000000 00000000 00000000 00000000
0000b84f6840  00000000 00000000 00000000 00000000
0000b84f6850  00000000 00000000 00000000 00000000
0000b84f6860  00000000 00000000 00000000 00000000
0000b84f6870  00000000 00000000 00000000 00000000
0000b84f6880  00000000 00000000 00000000 00000000
0000b84f6890  00000000 00000000 00000000 00000000
0000b84f68a0  00000000 00000000 00000000 00000000
0000b84f68b0  00000000 00000000 00000000 00000000
0000b84f68c0  00000000 00000201 b8964cd0 b8cc23c0
0000b84f68d0  b895e960 b97f9120 00000000 b8960d80
0000b84f68e0  b8938e20 b9753f60 b8cf7c80 b86b20f0
0000b84f68f0  b86a7cc0 b85f69f0 b8d45370 b8bce330
0000b84f6900  b8e1bc98 b8a634c8 b8d4de98 00000000
0000b84f6910  00000000 b8cc05a0 00000000 b9089588
0000b84f6920  b8e2ddc0 00000000 00000000 00000000
0000b84f6930  00000000 00000000 00000000 00000000
0000b84f6940  b883dce0 00000000 b8a7e890 00000000
0000b84f6950  00000000 00000000 00000000 00000000
0000b84f6960  00000000 00000000 00000000 b8a762c0
0000b84f6970  00000000 00000000 00000000 00000000
0000b84f6980  00000000 00000000 00000000 b8b71ca0
0000b84f6990  00000000 00000000 00000000 00000000
0000b84f69a0  00000000 00000000 00000000 00000000
0000b84f69b0  00000000 00000000 00000000 00000000
0000b84f69c0  00000000 00000000 00000000 00000000
0000b84f69d0  00000000 00000000 00000000 00000000
0000b84f69e0  00000000 00000000 00000000 00000000
0000b84f69f0  00000000 00000000 00000000 00000000
0000b84f6a00  00000000 00000000 00000000 00000000
0000b84f6a10  00000000 00000000 00000000 00000000
0000b84f6a20  00000000 00000000 00000000 00000000
0000b84f6a30  00000000 00000000 00000000 00000000
0000b84f6a40  b8b7ad50 00000000 00000000 00000000
0000b84f6a50  00000000 00000000 00000000 00000000
0000b84f6a60  00000000 00000000 00000000 00000000
0000b84f6a70  00000000 00000000 00000000 00000000
0000b84f6a80  00000000 00000000 00000000 00000000
0000b84f6a90  00000000 00000000 00000000 00000000
0000b84f6aa0  00000000 00000000 00000000 00000000
0000b84f6ab0  00000000 00000000 00000000 00000000
0000b84f6ac0  00000000 00000201 b97d1168 b8e605e8
0000b84f6ad0  b8c769e8 b90a8be8 b8dbebe8 b8c3bde8
0000b84f6ae0  b8db75e8 b9006be8 b8ca6be8 b9875be8
0000b84f6af0  b8d403e8 b8d927e8 b85f63e8 b96603e8
0000b84f6b00  b90347e8 b900afe8 b8a677e8 00000000
0000b84f6b10  b8a797e8 b98cdfe8 b88757e8 b90897e8
0000b84f6b20  b859dfe8 00000000 00000000 b894d7e8
0000b84f6b30  00000000 b8bd87e8 b85c4fe8 00000000
0000b84f6b40  b9804fe8 00000000 b8d47fe8 00000000
0000b84f6b50  00000000 00000000 00000000 00000000
0000b84f6b60  00000000 b8517fe8 00000000 b8e13fe8
0000b84f6b70  00000000 00000000 00000000 00000000
0000b84f6b80  00000000 00000000 00000000 b900bfe8
0000b84f6b90  00000000 00000000 00000000 00000000
0000b84f6ba0  00000000 00000000 00000000 00000000
0000b84f6bb0  00000000 00000000 b89affe8 00000000
0000b84f6bc0  00000000 00000000 00000000 00000000
0000b84f6bd0  00000000 00000000 00000000 00000000
0000b84f6be0  00000000 00000000 00000000 00000000
0000b84f6bf0  00000000 b851bfe8 00000000 00000000
0000b84f6c00  00000000 b85adfe8 00000000 00000000
0000b84f6c10  00000000 00000000 00000000 00000000
0000b84f6c20  00000000 00000000 00000000 00000000
0000b84f6c30  00000000 00000000 00000000 00000000
0000b84f6c40  b907bfe8 00000000 00000000 00000000
0000b84f6c50  00000000 00000000 00000000 00000000
0000b84f6c60  00000000 00000000 00000000 00000000
0000b84f6c70  00000000 00000000 00000000 00000000
0000b84f6c80  00000000 00000000 00000000 00000000
0000b84f6c90  00000000 00000000 00000000 00000000
0000b84f6ca0  00000000 00000000 00000000 00000000
0000b84f6cb0  00000000 00000000 00000000 00000000
0000b84f6cc0  00000000 00000801 b84f6cd0 b84f70c8
0000b84f6cd0  b8be9c60 00000015 b86a7840 00000031
0000b84f6ce0  b8c76bc8 0000002e b96606c0 0000002d
0000b84f6cf0  b8c35478 00000027 b895c9b0 00000020
0000b84f6d00  b8e57730 0000001b b9006f88 0000000d
0000b84f6d10  b982c120 00000014 b89d7d40 0000000e
0000b84f6d20  b8d43010 00000010 b8bd4b78 0000000e
0000b84f6d30  b8ba0378 0000000a b86a9088 0000000c
0000b84f6d40  b8e1bd10 0000000d b86a7540 00000006
0000b84f6d50  b8d4d8c0 0000000c 00000000 00000000
0000b84f6d60  00000000 00000000 b8be80d0 00000004
0000b84f6d70  b8875348 00000004 b8abf0c0 00000008
0000b84f6d80  b8e2d8b8 00000006 00000000 00000000
0000b84f6d90  00000000 00000000 b894d220 00000005
0000b84f6da0  00000000 00000000 b8bd80e0 00000006
0000b84f6db0  b85c4d70 00000001 00000000 00000000
0000b84f6dc0  b8c7c6d8 00000006 00000000 00000000
0000b84f6dd0  b8d47148 00000006 00000000 00000000
0000b84f6de0  00000000 00000000 00000000 00000000
0000b84f6df0  00000000 00000000 00000000 00000000
0000b84f6e00  00000000 00000000 b85171f0 00000004
0000b84f6e10  00000000 00000000 b86a6a98 00000003
0000b84f6e20  00000000 00000000 00000000 00000000
0000b84f6e30  00000000 00000000 00000000 00000000
0000b84f6e40  00000000 00000000 00000000 00000000
0000b84f6e50  00000000 00000000 b8d629a0 00000002
0000b84f6e60  00000000 00000000 00000000 00000000
0000b84f6e70  00000000 00000000 00000000 00000000
0000b84f6e80  00000000 00000000 00000000 00000000
0000b84f6e90  00000000 00000000 00000000 00000000
0000b84f6ea0  00000000 00000000 00000000 00000000
0000b84f6eb0  b89af400 00000004 00000000 00000000
0000b84f6ec0  00000000 00000000 00000000 00000000
0000b84f6ed0  00000000 00000000 00000000 00000000
0000b84f6ee0  00000000 00000000 00000000 00000000
0000b84f6ef0  00000000 00000000 00000000 00000000
0000b84f6f00  00000000 00000000 00000000 00000000
0000b84f6f10  00000000 00000000 00000000 00000000
0000b84f6f20  00000000 00000000 b851a328 00000003
0000b84f6f30  00000000 00000000 00000000 00000000
0000b84f6f40  00000000 00000000 b85ac2a8 00000003
0000b84f6f50  00000000 00000000 00000000 00000000
0000b84f6f60  00000000 00000000 00000000 00000000
0000b84f6f70  00000000 00000000 00000000 00000000
0000b84f6f80  00000000 00000000 00000000 00000000
0000b84f6f90  00000000 00000000 00000000 00000000
0000b84f6fa0  00000000 00000000 00000000 00000000
0000b84f6fb0  00000000 00000000 00000000 00000000
0000b84f6fc0  b907a320 00000003 00000000 00000000
0000b84f6fd0  00000000 00000000 00000000 00000000
0000b84f6fe0  00000000 00000000 00000000 00000000
0000b84f6ff0  00000000 00000000 00000000 00000000
