
7fa891702000  38364256 36373537 352d3338 33383738
7fa891702010  2d616161 74726170 642f2032 642f7665
7fa891702020  2f6b7369 702d7962 2f687461 2d696370
7fa891702030  30303030 3a30303a 312e3130 7363732d
7fa891702040  3a302d69 3a303a30 61702d30 20327472
7fa891702050  7665642f 7369642f 79622f6b 6975752d
7fa891702060  31612f64 62323732 302d6333 2d666463
7fa891702070  35336534 6232612d 61312d64 61633063
7fa891702080  33633639 2f203161 2f766564 6b736964
7fa891702090  2d79622f 6562616c 6f722f6c 7366746f
7fa8917020a0  65642f20 6f722f76 0000746f 00000000
7fa8917020b0  00000000 00000000 00000000 00000000
7fa8917020c0  00000000 00000000 00000000 00000000
7fa8917020d0  00000000 00000000 00000000 00000000
7fa8917020e0  00000000 00000000 00000000 00000000
7fa8917020f0  00000000 00000000 00000000 00000000
7fa891702100  00000000 00000000 00000000 00000000
7fa891702110  00000000 00000000 00000000 00000000
7fa891702120  00000000 00000000 00000000 00000000
7fa891702130  00000000 00000000 00000000 00000000
7fa891702140  00000000 00000000 00000000 00000000
7fa891702150  00000000 00000000 00000000 00000000
7fa891702160  00000000 00000000 00000000 00000000
7fa891702170  00000000 00000000 00000000 00000000
7fa891702180  00000000 00000000 00000000 00000000
7fa891702190  00000000 00000000 00000000 00000000
7fa8917021a0  00000000 00000000 00000000 00000000
7fa8917021b0  00000000 00000000 00000000 00000000
7fa8917021c0  00000000 00000000 00000000 00000000
7fa8917021d0  00000000 00000000 00000000 00000000
7fa8917021e0  00000000 00000000 00000000 00000000
7fa8917021f0  00000000 00000000 00000000 00000000
7fa891702200  00000000 00000000 00000000 00000000
7fa891702210  00000000 00000000 00000000 00000000
7fa891702220  00000000 00000000 00000000 00000000
7fa891702230  00000000 00000000 00000000 00000000
7fa891702240  00000000 00000000 00000000 00000000
7fa891702250  00000000 00000000 00000000 00000000
7fa891702260  00000000 00000000 00000000 00000000
7fa891702270  00000000 00000000 00000000 00000000
7fa891702280  00000000 00000000 00000000 00000000
7fa891702290  00000000 00000000 00000000 00000000
7fa8917022a0  00000000 00000000 00000000 00000000
7fa8917022b0  00000000 00000000 00000000 00000000
7fa8917022c0  00000000 00000000 00000000 00000000
7fa8917022d0  00000000 00000000 00000000 00000000
7fa8917022e0  00000000 00000000 00000000 00000000
7fa8917022f0  00000000 00000000 00000000 00000000
7fa891702300  00000000 00000000 00000000 00000000
7fa891702310  00000000 00000000 00000000 00000000
7fa891702320  00000000 00000000 00000000 00000000
7fa891702330  00000000 00000000 00000000 00000000
7fa891702340  00000000 00000000 00000000 00000000
7fa891702350  00000000 00000000 00000000 00000000
7fa891702360  00000000 00000000 00000000 00000000
7fa891702370  00000000 00000000 00000000 00000000
7fa891702380  00000000 00000000 00000000 00000000
7fa891702390  00000000 00000000 00000000 00000000
7fa8917023a0  00000000 00000000 00000000 00000000
7fa8917023b0  00000000 00000000 00000000 00000000
7fa8917023c0  00000000 00000000 00000000 00000000
7fa8917023d0  00000000 00000000 00000000 00000000
7fa8917023e0  00000000 00000000 00000000 00000000
7fa8917023f0  00000000 00000000 00000000 00000000
7fa891702400  00000000 00000000 00000000 00000000
7fa891702410  00000000 00000000 00000000 00000000
7fa891702420  00000000 00000000 00000000 00000000
7fa891702430  00000000 00000000 00000000 00000000
7fa891702440  00000000 00000000 00000000 00000000
7fa891702450  00000000 00000000 00000000 00000000
7fa891702460  00000000 00000000 00000000 00000000
7fa891702470  00000000 00000000 00000000 00000000
7fa891702480  00000000 00000000 00000000 00000000
7fa891702490  00000000 00000000 00000000 00000000
7fa8917024a0  00000000 00000000 00000000 00000000
7fa8917024b0  00000000 00000000 00000000 00000000
7fa8917024c0  00000000 00000000 00000000 00000000
7fa8917024d0  00000000 00000000 00000000 00000000
7fa8917024e0  00000000 00000000 00000000 00000000
7fa8917024f0  00000000 00000000 00000000 00000000
7fa891702500  00000000 00000000 00000000 00000000
7fa891702510  00000000 00000000 00000000 00000000
7fa891702520  00000000 00000000 00018ae1 00000000
7fa891702530  00000000 00000000 00000000 00000000
7fa891702540  00000000 00000000 00000000 00000000
7fa891702550  00000000 00000000 00000000 00000000
7fa891702560  00000000 00000000 00000000 00000000
7fa891702570  00000000 00000000 00000000 00000000
7fa891702580  00000000 00000000 00000000 00000000
7fa891702590  00000000 00000000 00000000 00000000
7fa8917025a0  00000000 00000000 00000000 00000000
7fa8917025b0  00000000 00000000 00000000 00000000
7fa8917025c0  00000000 00000000 00000000 00000000
7fa8917025d0  00000000 00000000 00000000 00000000
7fa8917025e0  00000000 00000000 00000000 00000000
7fa8917025f0  00000000 00000000 00000000 00000000
7fa891702600  00000000 00000000 00000000 00000000
7fa891702610  00000000 00000000 00000000 00000000
7fa891702620  00000000 00000000 00000000 00000000
7fa891702630  00000000 00000000 00000000 00000000
7fa891702640  00000000 00000000 00000000 00000000
7fa891702650  00000000 00000000 00000000 00000000
7fa891702660  00000000 00000000 00000000 00000000
7fa891702670  00000000 00000000 00000000 00000000
7fa891702680  00000000 00000000 00000000 00000000
7fa891702690  00000000 00000000 00000000 00000000
7fa8917026a0  00000000 00000000 00000000 00000000
7fa8917026b0  00000000 00000000 00000000 00000000
7fa8917026c0  00000000 00000000 00000000 00000000
7fa8917026d0  00000000 00000000 00000000 00000000
7fa8917026e0  00000000 00000000 00000000 00000000
7fa8917026f0  00000000 00000000 00000000 00000000
7fa891702700  00000000 00000000 00000000 00000000
7fa891702710  00000000 00000000 00000000 00000000
7fa891702720  00000000 00000000 00000000 00000000
7fa891702730  00000000 00000000 00000000 00000000
7fa891702740  00000000 00000000 00000000 00000000
7fa891702750  00000000 00000000 00000000 00000000
7fa891702760  00000000 00000000 00000000 00000000
7fa891702770  00000000 00000000 00000000 00000000
7fa891702780  00000000 00000000 00000000 00000000
7fa891702790  00000000 00000000 00000000 00000000
7fa8917027a0  00000000 00000000 00000000 00000000
7fa8917027b0  00000000 00000000 00000000 00000000
7fa8917027c0  00000000 00000000 00000000 00000000
7fa8917027d0  00000000 00000000 00000000 00000000
7fa8917027e0  00000000 00000000 00000000 00000000
7fa8917027f0  00000000 00000000 00000000 00000000
7fa891702800  00000000 00000000 00000000 00000000
7fa891702810  00000000 00000000 00000000 00000000
7fa891702820  00000000 00000000 00000000 00000000
7fa891702830  00000000 00000000 00000000 00000000
7fa891702840  00000000 00000000 00000000 00000000
7fa891702850  00000000 00000000 00000000 00000000
7fa891702860  00000000 00000000 00000000 00000000
7fa891702870  00000000 00000000 00000000 00000000
7fa891702880  00000000 00000000 00000000 00000000
7fa891702890  00000000 00000000 00000000 00000000
7fa8917028a0  00000000 00000000 00000000 00000000
7fa8917028b0  00000000 00000000 00000000 00000000
7fa8917028c0  00000000 00000000 00000000 00000000
7fa8917028d0  00000000 00000000 00000000 00000000
7fa8917028e0  00000000 00000000 00000000 00000000
7fa8917028f0  00000000 00000000 00000000 00000000
7fa891702900  00000000 00000000 00000000 00000000
7fa891702910  00000000 00000000 00000000 00000000
7fa891702920  00000000 00000000 00000000 00000000
7fa891702930  00000000 00000000 00000000 00000000
7fa891702940  00000000 00000000 00000000 00000000
7fa891702950  00000000 00000000 00000000 00000000
7fa891702960  00000000 00000000 00000000 00000000
7fa891702970  00000000 00000000 00000000 00000000
7fa891702980  00000000 00000000 00000000 00000000
7fa891702990  00000000 00000000 00000000 00000000
7fa8917029a0  00000000 00000000 00000000 00000000
7fa8917029b0  00000000 00000000 00000000 00000000
7fa8917029c0  00000000 00000000 00000000 00000000
7fa8917029d0  00000000 00000000 00000000 00000000
7fa8917029e0  00000000 00000000 00000000 00000000
7fa8917029f0  00000000 00000000 00000000 00000000
7fa891702a00  00000000 00000000 00000000 00000000
7fa891702a10  00000000 00000000 00000000 00000000
7fa891702a20  00000000 00000000 00000000 00000000
7fa891702a30  00000000 00000000 00000000 00000000
7fa891702a40  00000000 00000000 00000000 00000000
7fa891702a50  00000000 00000000 00000000 00000000
7fa891702a60  00000000 00000000 00000000 00000000
7fa891702a70  00000000 00000000 00000000 00000000
7fa891702a80  00000000 00000000 00000000 00000000
7fa891702a90  00000000 00000000 00000000 00000000
7fa891702aa0  00000000 00000000 00000000 00000000
7fa891702ab0  00000000 00000000 00000000 00000000
7fa891702ac0  00000000 00000000 00000000 00000000
7fa891702ad0  00000000 00000000 00000000 00000000
7fa891702ae0  00000000 00000000 00000000 00000000
7fa891702af0  00000000 00000000 00000000 00000000
7fa891702b00  00000000 00000000 00000000 00000000
7fa891702b10  00000000 00000000 00000000 00000000
7fa891702b20  00000000 00000000 00000000 00000000
7fa891702b30  00000000 00000000 00000000 00000000
7fa891702b40  00000000 00000000 00000000 00000000
7fa891702b50  00000000 00000000 00000000 00000000
7fa891702b60  00000000 00000000 00000000 00000000
7fa891702b70  00000000 00000000 00000000 00000000
7fa891702b80  00000000 00000000 00000000 00000000
7fa891702b90  00000000 00000000 00000000 00000000
7fa891702ba0  00000000 00000000 00000000 00000000
7fa891702bb0  00000000 00000000 00000000 00000000
7fa891702bc0  00000000 00000000 00000000 00000000
7fa891702bd0  00000000 00000000 00000000 00000000
7fa891702be0  00000000 00000000 00000000 00000000
7fa891702bf0  00000000 00000000 00000000 00000000
7fa891702c00  00000000 00000000 00000000 00000000
7fa891702c10  00000000 00000000 00000000 00000000
7fa891702c20  00000000 00000000 00000000 00000000
7fa891702c30  00000000 00000000 00000000 00000000
7fa891702c40  00000000 00000000 00000000 00000000
7fa891702c50  00000000 00000000 00000000 00000000
7fa891702c60  00000000 00000000 00000000 00000000
7fa891702c70  00000000 00000000 00000000 00000000
7fa891702c80  00000000 00000000 00000000 00000000
7fa891702c90  00000000 00000000 00000000 00000000
7fa891702ca0  00000000 00000000 00000000 00000000
7fa891702cb0  00000000 00000000 00000000 00000000
7fa891702cc0  00000000 00000000 00000000 00000000
7fa891702cd0  00000000 00000000 00000000 00000000
7fa891702ce0  00000000 00000000 00000000 00000000
7fa891702cf0  00000000 00000000 00000000 00000000
7fa891702d00  00000000 00000000 00000000 00000000
7fa891702d10  00000000 00000000 00000000 00000000
7fa891702d20  00000000 00000000 00000000 00000000
7fa891702d30  00000000 00000000 00000000 00000000
7fa891702d40  00000000 00000000 00000000 00000000
7fa891702d50  00000000 00000000 00000000 00000000
7fa891702d60  00000000 00000000 00000000 00000000
7fa891702d70  00000000 00000000 00000000 00000000
7fa891702d80  00000000 00000000 00000000 00000000
7fa891702d90  00000000 00000000 00000000 00000000
7fa891702da0  00000000 00000000 00000000 00000000
7fa891702db0  00000000 00000000 00000000 00000000
7fa891702dc0  00000000 00000000 00000000 00000000
7fa891702dd0  00000000 00000000 00000000 00000000
7fa891702de0  00000000 00000000 00000000 00000000
7fa891702df0  00000000 00000000 00000000 00000000
7fa891702e00  00000000 00000000 00000000 00000000
7fa891702e10  00000000 00000000 00000000 00000000
7fa891702e20  00000000 00000000 00000000 00000000
7fa891702e30  00000000 00000000 00000000 00000000
7fa891702e40  00000000 00000000 00000000 00000000
7fa891702e50  00000000 00000000 00000000 00000000
7fa891702e60  00000000 00000000 00000000 00000000
7fa891702e70  00000000 00000000 00000000 00000000
7fa891702e80  00000000 00000000 00000000 00000000
7fa891702e90  00000000 00000000 00000000 00000000
7fa891702ea0  00000000 00000000 00000000 00000000
7fa891702eb0  00000000 00000000 00000000 00000000
7fa891702ec0  00000000 00000000 00000000 00000000
7fa891702ed0  00000000 00000000 00000000 00000000
7fa891702ee0  00000000 00000000 00000000 00000000
7fa891702ef0  00000000 00000000 00000000 00000000
7fa891702f00  00000000 00000000 00000000 00000000
7fa891702f10  00000000 00000000 00000000 00000000
7fa891702f20  00000000 00000000 00000000 00000000
7fa891702f30  00000000 00000000 00000000 00000000
7fa891702f40  00000000 00000000 00000000 00000000
7fa891702f50  00000000 00000000 00000000 00000000
7fa891702f60  00000000 00000000 00000000 00000000
7fa891702f70  00000000 00000000 00000000 00000000
7fa891702f80  00000000 00000000 00000000 00000000
7fa891702f90  00000000 00000000 00000000 00000000
7fa891702fa0  00000000 00000000 00000000 00000000
7fa891702fb0  00000000 00000000 00000000 00000000
7fa891702fc0  00000000 00000000 00000000 00000000
7fa891702fd0  00000000 00000000 00000000 00000000
7fa891702fe0  00000000 00000000 00000000 00000000
7fa891702ff0  00000000 00000000 00000000 00000000
