
7f1b1e4f0000  00000000 00000000 00000000 00000000
7f1b1e4f0010  00000000 00000000 00000000 00000000
7f1b1e4f0020  00000000 00000000 00000000 00000000
7f1b1e4f0030  00000000 00000000 00000000 00000000
7f1b1e4f0040  00000000 00000000 00000000 00000000
7f1b1e4f0050  00000000 00000000 00000000 00000000
7f1b1e4f0060  00000000 00000000 00000000 00000000
7f1b1e4f0070  00000000 00000000 00000000 00000000
7f1b1e4f0080  00000000 00000000 00000000 00000000
7f1b1e4f0090  00000000 00000000 00000000 00000000
7f1b1e4f00a0  00000000 00000000 00000000 00000000
7f1b1e4f00b0  00000000 00000000 00000000 00000000
7f1b1e4f00c0  00000000 00000000 00000000 00000000
7f1b1e4f00d0  00000000 00000000 00000000 00000000
7f1b1e4f00e0  00000000 00000000 00000000 00000000
7f1b1e4f00f0  00000000 00000000 00000000 00000000
7f1b1e4f0100  00000000 00000000 00000000 00000000
7f1b1e4f0110  00000000 00000000 00000000 00000000
7f1b1e4f0120  00000000 00000000 00000000 00000000
7f1b1e4f0130  00000000 00000000 00000000 00000000
7f1b1e4f0140  00000000 00000000 00000000 00000000
7f1b1e4f0150  00000000 00000000 00000000 00000000
7f1b1e4f0160  00000000 00000000 00000000 00000000
7f1b1e4f0170  00000000 00000000 00000000 00000000
7f1b1e4f0180  00000000 00000000 00000000 00000000
7f1b1e4f0190  00000000 00000000 00000000 00000000
7f1b1e4f01a0  00000000 00000000 00000000 00000000
7f1b1e4f01b0  00000000 00000000 00000000 00000000
7f1b1e4f01c0  00000000 00000000 00000000 00000000
7f1b1e4f01d0  00000000 00000000 00000000 00000000
7f1b1e4f01e0  00000000 00000000 00000000 00000000
7f1b1e4f01f0  00000000 00000000 00000000 00000000
7f1b1e4f0200  00000000 00000000 00000000 00000000
7f1b1e4f0210  00000000 00000000 00000000 00000000
7f1b1e4f0220  00000000 00000000 00000000 00000000
7f1b1e4f0230  00000000 00000000 00000000 00000000
7f1b1e4f0240  00000000 00000000 00000000 00000000
7f1b1e4f0250  00000000 00000000 00000000 00000000
7f1b1e4f0260  00000000 00000000 00000000 00000000
7f1b1e4f0270  00000000 00000000 00000000 00000000
7f1b1e4f0280  00000000 00000000 00000000 00000000
7f1b1e4f0290  00000000 00000000 00000000 00000000
7f1b1e4f02a0  00000000 00000000 00000000 00000000
7f1b1e4f02b0  00000000 00000000 00000000 00000000
7f1b1e4f02c0  00000000 00000000 00000000 00000000
7f1b1e4f02d0  00000000 00000000 00000000 00000000
7f1b1e4f02e0  00000000 00000000 00000000 00000000
7f1b1e4f02f0  00000000 00000000 00000000 00000000
7f1b1e4f0300  00000000 00000000 00000000 00000000
7f1b1e4f0310  00000000 00000000 00000000 00000000
7f1b1e4f0320  00000000 00000000 00000000 00000000
7f1b1e4f0330  00000000 00000000 00000000 00000000
7f1b1e4f0340  00000000 00000000 00000000 00000000
7f1b1e4f0350  00000000 00000000 00000000 00000000
7f1b1e4f0360  00000000 00000000 00000000 00000000
7f1b1e4f0370  00000000 00000000 00000000 00000000
7f1b1e4f0380  00000000 00000000 00000000 00000000
7f1b1e4f0390  00000000 00000000 00000000 00000000
7f1b1e4f03a0  00000000 00000000 00000000 00000000
7f1b1e4f03b0  00000000 00000000 00000000 00000000
7f1b1e4f03c0  00000000 00000000 00000000 00000000
7f1b1e4f03d0  00000000 00000000 00000000 00000000
7f1b1e4f03e0  00000000 00000000 00000000 00000000
7f1b1e4f03f0  00000000 00000000 00000000 00000000
7f1b1e4f0400  00000000 00000000 00000000 00000000
7f1b1e4f0410  00000000 00000000 00000000 00000000
7f1b1e4f0420  00000000 00000000 00000000 00000000
7f1b1e4f0430  00000000 00000000 00000000 00000000
7f1b1e4f0440  00000000 00000000 00000000 00000000
7f1b1e4f0450  00000000 00000000 00000000 00000000
7f1b1e4f0460  00000000 00000000 00000000 00000000
7f1b1e4f0470  00000000 00000000 00000000 00000000
7f1b1e4f0480  00000000 00000000 00000000 00000000
7f1b1e4f0490  00000000 00000000 00000000 00000000
7f1b1e4f04a0  00000000 00000000 00000000 00000000
7f1b1e4f04b0  00000000 00000000 00000000 00000000
7f1b1e4f04c0  00000000 00000000 00000000 00000000
7f1b1e4f04d0  00000000 00000000 00000000 00000000
7f1b1e4f04e0  00000000 00000000 00000000 00000000
7f1b1e4f04f0  00000000 00000000 00000000 00000000
7f1b1e4f0500  00000000 00000000 00000000 00000000
7f1b1e4f0510  00000000 00000000 00000000 00000000
7f1b1e4f0520  00000000 00000000 00000000 00000000
7f1b1e4f0530  00000000 00000000 00000000 00000000
7f1b1e4f0540  00000000 00000000 00000000 00000000
7f1b1e4f0550  00000000 00000000 00000000 00000000
7f1b1e4f0560  00000000 00000000 00000000 00000000
7f1b1e4f0570  00000000 00000000 00000000 00000000
7f1b1e4f0580  00000000 00000000 00000000 00000000
7f1b1e4f0590  00000000 00000000 00000000 00000000
7f1b1e4f05a0  00000000 00000000 00000000 00000000
7f1b1e4f05b0  00000000 00000000 00000000 00000000
7f1b1e4f05c0  00000000 00000000 00000000 00000000
7f1b1e4f05d0  00000000 00000000 00000000 00000000
7f1b1e4f05e0  00000000 00000000 00000000 00000000
7f1b1e4f05f0  00000000 00000000 00000000 00000000
7f1b1e4f0600  00000000 00000000 00000000 00000000
7f1b1e4f0610  00000000 00000000 00000000 00000000
7f1b1e4f0620  00000000 00000000 00000000 00000000
7f1b1e4f0630  00000000 00000000 00000000 00000000
7f1b1e4f0640  00000000 00000000 00000000 00000000
7f1b1e4f0650  00000000 00000000 00000000 00000000
7f1b1e4f0660  00000000 00000000 00000000 00000000
7f1b1e4f0670  00000000 00000000 00000000 00000000
7f1b1e4f0680  00000000 00000000 00000000 00000000
7f1b1e4f0690  00000000 00000000 00000000 00000000
7f1b1e4f06a0  00000000 00000000 00000000 00000000
7f1b1e4f06b0  00000000 00000000 00000000 00000000
7f1b1e4f06c0  00000000 00000000 00000000 00000000
7f1b1e4f06d0  00000000 00000000 00000000 00000000
7f1b1e4f06e0  00000000 00000000 00000000 00000000
7f1b1e4f06f0  00000000 00000000 00000000 00000000
7f1b1e4f0700  00000000 00000000 00000000 00000000
7f1b1e4f0710  00000000 00000000 00000000 00000000
7f1b1e4f0720  00000000 00000000 00000000 00000000
7f1b1e4f0730  00000000 00000000 00000000 00000000
7f1b1e4f0740  00000000 00000000 00000000 00000000
7f1b1e4f0750  00000000 00000000 00000000 00000000
7f1b1e4f0760  00000000 00000000 00000000 00000000
7f1b1e4f0770  00000000 00000000 00000000 00000000
7f1b1e4f0780  00000000 00000000 00000000 00000000
7f1b1e4f0790  00000000 00000000 00000000 00000000
7f1b1e4f07a0  00000000 00000000 00000000 00000000
7f1b1e4f07b0  00000000 00000000 00000000 00000000
7f1b1e4f07c0  00000000 00000000 00000000 00000000
7f1b1e4f07d0  00000000 00000000 00000000 00000000
7f1b1e4f07e0  00000000 00000000 00000000 00000000
7f1b1e4f07f0  00000000 00000000 00000000 00000000
7f1b1e4f0800  00000000 00000000 00000000 00000000
7f1b1e4f0810  00000000 00000000 00000000 00000000
7f1b1e4f0820  00000000 00000000 00000000 00000000
7f1b1e4f0830  00000000 00000000 00000000 00000000
7f1b1e4f0840  00000000 00000000 00000000 00000000
7f1b1e4f0850  00000000 00000000 00000000 00000000
7f1b1e4f0860  00000000 00000000 00000000 00000000
7f1b1e4f0870  00000000 00000000 00000000 00000000
7f1b1e4f0880  00000000 00000000 00000000 00000000
7f1b1e4f0890  00000000 00000000 00000000 00000000
7f1b1e4f08a0  00000000 00000000 00000000 00000000
7f1b1e4f08b0  00000000 00000000 00000000 00000000
7f1b1e4f08c0  00000000 00000000 00000000 00000000
7f1b1e4f08d0  00000000 00000000 00000000 00000000
7f1b1e4f08e0  00000000 00000000 00000000 00000000
7f1b1e4f08f0  00000000 00000000 00000000 00000000
7f1b1e4f0900  00000000 00000000 00000000 00000000
7f1b1e4f0910  00000000 00000000 00000000 00000000
7f1b1e4f0920  00000000 00000000 00000000 00000000
7f1b1e4f0930  00000000 00000000 00000000 00000000
7f1b1e4f0940  00000000 00000000 00000000 00000000
7f1b1e4f0950  00000000 00000000 00000000 00000000
7f1b1e4f0960  00000000 00000000 00000000 00000000
7f1b1e4f0970  00000000 00000000 00000000 00000000
7f1b1e4f0980  00000000 00000000 00000000 00000000
7f1b1e4f0990  00000000 00000000 00000000 00000000
7f1b1e4f09a0  00000000 00000000 00000000 00000000
7f1b1e4f09b0  00000000 00000000 00000000 00000000
7f1b1e4f09c0  00000000 00000000 00000000 00000000
7f1b1e4f09d0  00000000 00000000 00000000 00000000
7f1b1e4f09e0  00000000 00000000 00000000 00000000
7f1b1e4f09f0  00000000 00000000 00000000 00000000
7f1b1e4f0a00  00000000 00000000 00000000 00000000
7f1b1e4f0a10  00000000 00000000 00000000 00000000
7f1b1e4f0a20  00000000 00000000 00000000 00000000
7f1b1e4f0a30  00000000 00000000 00000000 00000000
7f1b1e4f0a40  00000000 00000000 00000000 00000000
7f1b1e4f0a50  00000000 00000000 00000000 00000000
7f1b1e4f0a60  00000000 00000000 00000000 00000000
7f1b1e4f0a70  00000000 00000000 00000000 00000000
7f1b1e4f0a80  00000000 00000000 00000000 00000000
7f1b1e4f0a90  00000000 00000000 00000000 00000000
7f1b1e4f0aa0  00000000 00000000 00000000 00000000
7f1b1e4f0ab0  00000000 00000000 00000000 00000000
7f1b1e4f0ac0  00000000 00000000 00000000 00000000
7f1b1e4f0ad0  00000000 00000000 00000000 00000000
7f1b1e4f0ae0  00000000 00000000 00000000 00000000
7f1b1e4f0af0  00000000 00000000 00000000 00000000
7f1b1e4f0b00  00000000 00000000 00000000 00000000
7f1b1e4f0b10  00000000 00000000 00000000 00000000
7f1b1e4f0b20  00000000 00000000 00000000 00000000
7f1b1e4f0b30  00000000 00000000 00000000 00000000
7f1b1e4f0b40  00000000 00000000 00000000 00000000
7f1b1e4f0b50  00000000 00000000 00000000 00000000
7f1b1e4f0b60  00000000 00000000 00000000 00000000
7f1b1e4f0b70  00000000 00000000 00000000 00000000
7f1b1e4f0b80  00000000 00000000 00000000 00000000
7f1b1e4f0b90  00000000 00000000 00000000 00000000
7f1b1e4f0ba0  00000000 00000000 00000000 00000000
7f1b1e4f0bb0  00000000 00000000 00000000 00000000
7f1b1e4f0bc0  00000000 00000000 00000000 00000000
7f1b1e4f0bd0  00000000 00000000 00000000 00000000
7f1b1e4f0be0  00000000 00000000 00000000 00000000
7f1b1e4f0bf0  00000000 00000000 00000000 00000000
7f1b1e4f0c00  00000000 00000000 00000000 00000000
7f1b1e4f0c10  00000000 00000000 00000000 00000000
7f1b1e4f0c20  00000000 00000000 00000000 00000000
7f1b1e4f0c30  00000000 00000000 00000000 00000000
7f1b1e4f0c40  00000000 00000000 00000000 00000000
7f1b1e4f0c50  00000000 00000000 00000000 00000000
7f1b1e4f0c60  00000000 00000000 00000000 00000000
7f1b1e4f0c70  00000000 00000000 00000000 00000000
7f1b1e4f0c80  00000000 00000000 00000000 00000000
7f1b1e4f0c90  00000000 00000000 00000000 00000000
7f1b1e4f0ca0  00000000 00000000 00000000 00000000
7f1b1e4f0cb0  00000000 00000000 00000000 00000000
7f1b1e4f0cc0  00000000 00000000 00000000 00000000
7f1b1e4f0cd0  00000000 00000000 00000000 00000000
7f1b1e4f0ce0  00000000 00000000 00000000 00000000
7f1b1e4f0cf0  00000000 00000000 00000000 00000000
7f1b1e4f0d00  00000000 00000000 00000000 00000000
7f1b1e4f0d10  00000000 00000000 00000000 00000000
7f1b1e4f0d20  00000000 00000000 00000000 00000000
7f1b1e4f0d30  00000000 00000000 00000000 00000000
7f1b1e4f0d40  00000000 00000000 00000000 00000000
7f1b1e4f0d50  00000000 00000000 00000000 00000000
7f1b1e4f0d60  00000000 00000000 00000000 00000000
7f1b1e4f0d70  00000000 00000000 00000000 00000000
7f1b1e4f0d80  00000000 00000000 00000000 00000000
7f1b1e4f0d90  00000000 00000000 00000000 00000000
7f1b1e4f0da0  00000000 00000000 00000000 00000000
7f1b1e4f0db0  00000000 00000000 00000000 00000000
7f1b1e4f0dc0  00000000 00000000 00000000 00000000
7f1b1e4f0dd0  00000000 00000000 00000000 00000000
7f1b1e4f0de0  00000000 00000000 00000000 00000000
7f1b1e4f0df0  00000000 00000000 00000000 00000000
7f1b1e4f0e00  00000000 00000000 00000000 00000000
7f1b1e4f0e10  00000000 00000000 00000000 00000000
7f1b1e4f0e20  00000000 00000000 00000000 00000000
7f1b1e4f0e30  00000000 00000000 00000000 00000000
7f1b1e4f0e40  00000000 00000000 00000000 00000000
7f1b1e4f0e50  00000000 00000000 00000000 00000000
7f1b1e4f0e60  00000000 00000000 00000000 00000000
7f1b1e4f0e70  00000000 00000000 00000000 00000000
7f1b1e4f0e80  00000000 00000000 00000000 00000000
7f1b1e4f0e90  00000000 00000000 00000000 00000000
7f1b1e4f0ea0  00000000 00000000 00000000 00000000
7f1b1e4f0eb0  00000000 00000000 00000000 00000000
7f1b1e4f0ec0  00000000 00000000 00000000 00000000
7f1b1e4f0ed0  00000000 00000000 00000000 00000000
7f1b1e4f0ee0  00000000 00000000 00000000 00000000
7f1b1e4f0ef0  00000000 00000000 00000000 00000000
7f1b1e4f0f00  00000000 00000000 00000000 00000000
7f1b1e4f0f10  00000000 00000000 00000000 00000000
7f1b1e4f0f20  00000000 00000000 00000000 00000000
7f1b1e4f0f30  00000000 00000000 00000000 00000000
7f1b1e4f0f40  00000000 00000000 00000000 00000000
7f1b1e4f0f50  00000000 00000000 00000000 00000000
7f1b1e4f0f60  00000000 00000000 00000000 00000000
7f1b1e4f0f70  00000000 00000000 00000000 00000000
7f1b1e4f0f80  00000000 00000000 00000000 00000000
7f1b1e4f0f90  00000000 00000000 00000000 00000000
7f1b1e4f0fa0  00000000 00000000 00000000 00000000
7f1b1e4f0fb0  00000000 00000000 00000000 00000000
7f1b1e4f0fc0  00000000 00000000 00000000 00000000
7f1b1e4f0fd0  00000000 00000000 00000000 00000000
7f1b1e4f0fe0  00000000 00000000 00000000 00000000
7f1b1e4f0ff0  00000000 00000000 00000000 00000000
