
7f1b1e4f1000  00000000 00000000 00000000 00000000
7f1b1e4f1010  00000000 00000000 00000000 00000000
7f1b1e4f1020  00000000 00000000 00000000 00000000
7f1b1e4f1030  00000000 00000000 00000000 00000000
7f1b1e4f1040  00000000 00000000 00000000 00000000
7f1b1e4f1050  00000000 00000000 00000000 00000000
7f1b1e4f1060  00000000 00000000 00000000 00000000
7f1b1e4f1070  00000000 00000000 00000000 00000000
7f1b1e4f1080  00000000 00000000 00000000 00000000
7f1b1e4f1090  00000000 00000000 00000000 00000000
7f1b1e4f10a0  00000000 00000000 00000000 00000000
7f1b1e4f10b0  00000000 00000000 00000000 00000000
7f1b1e4f10c0  00000000 00000000 00000000 00000000
7f1b1e4f10d0  00000000 00000000 00000000 00000000
7f1b1e4f10e0  00000000 00000000 00000000 00000000
7f1b1e4f10f0  00000000 00000000 00000000 00000000
7f1b1e4f1100  00000000 00000000 00000000 00000000
7f1b1e4f1110  00000000 00000000 00000000 00000000
7f1b1e4f1120  00000000 00000000 00000000 00000000
7f1b1e4f1130  00000000 00000000 00000000 00000000
7f1b1e4f1140  00000000 00000000 00000000 00000000
7f1b1e4f1150  00000000 00000000 00000000 00000000
7f1b1e4f1160  00000000 00000000 00000000 00000000
7f1b1e4f1170  00000000 00000000 00000000 00000000
7f1b1e4f1180  00000000 00000000 00000000 00000000
7f1b1e4f1190  00000000 00000000 00000000 00000000
7f1b1e4f11a0  00000000 00000000 00000000 00000000
7f1b1e4f11b0  00000000 00000000 00000000 00000000
7f1b1e4f11c0  00000000 00000000 00000000 00000000
7f1b1e4f11d0  00000000 00000000 00000000 00000000
7f1b1e4f11e0  00000000 00000000 00000000 00000000
7f1b1e4f11f0  00000000 00000000 00000000 00000000
7f1b1e4f1200  00000000 00000000 00000000 00000000
7f1b1e4f1210  00000000 00000000 00000000 00000000
7f1b1e4f1220  00000000 00000000 00000000 00000000
7f1b1e4f1230  00000000 00000000 00000000 00000000
7f1b1e4f1240  00000000 00000000 00000000 00000000
7f1b1e4f1250  00000000 00000000 00000000 00000000
7f1b1e4f1260  00000000 00000000 00000000 00000000
7f1b1e4f1270  00000000 00000000 00000000 00000000
7f1b1e4f1280  00000000 00000000 00000000 00000000
7f1b1e4f1290  00000000 00000000 00000000 00000000
7f1b1e4f12a0  00000000 00000000 00000000 00000000
7f1b1e4f12b0  00000000 00000000 00000000 00000000
7f1b1e4f12c0  00000000 00000000 00000000 00000000
7f1b1e4f12d0  00000000 00000000 00000000 00000000
7f1b1e4f12e0  00000000 00000000 00000000 00000000
7f1b1e4f12f0  00000000 00000000 00000000 00000000
7f1b1e4f1300  00000000 00000000 00000000 00000000
7f1b1e4f1310  00000000 00000000 00000000 00000000
7f1b1e4f1320  00000000 00000000 00000000 00000000
7f1b1e4f1330  00000000 00000000 00000000 00000000
7f1b1e4f1340  00000000 00000000 00000000 00000000
7f1b1e4f1350  00000000 00000000 00000000 00000000
7f1b1e4f1360  00000000 00000000 00000000 00000000
7f1b1e4f1370  00000000 00000000 00000000 00000000
7f1b1e4f1380  00000000 00000000 00000000 00000000
7f1b1e4f1390  00000000 00000000 00000000 00000000
7f1b1e4f13a0  00000000 00000000 00000000 00000000
7f1b1e4f13b0  00000000 00000000 00000000 00000000
7f1b1e4f13c0  00000000 00000000 00000000 00000000
7f1b1e4f13d0  00000000 00000000 00000000 00000000
7f1b1e4f13e0  00000000 00000000 00000000 00000000
7f1b1e4f13f0  00000000 00000000 00000000 00000000
7f1b1e4f1400  00000000 00000000 00000000 00000000
7f1b1e4f1410  00000000 00000000 00000000 00000000
7f1b1e4f1420  00000000 00000000 00000000 00000000
7f1b1e4f1430  00000000 00000000 00000000 00000000
7f1b1e4f1440  00000000 00000000 00000000 00000000
7f1b1e4f1450  00000000 00000000 00000000 00000000
7f1b1e4f1460  00000000 00000000 00000000 00000000
7f1b1e4f1470  00000000 00000000 00000000 00000000
7f1b1e4f1480  00000000 00000000 00000000 00000000
7f1b1e4f1490  00000000 00000000 00000000 00000000
7f1b1e4f14a0  00000000 00000000 00000000 00000000
7f1b1e4f14b0  00000000 00000000 00000000 00000000
7f1b1e4f14c0  00000000 00000000 00000000 00000000
7f1b1e4f14d0  00000000 00000000 00000000 00000000
7f1b1e4f14e0  00000000 00000000 00000000 00000000
7f1b1e4f14f0  00000000 00000000 00000000 00000000
7f1b1e4f1500  00000000 00000000 00000000 00000000
7f1b1e4f1510  00000000 00000000 00000000 00000000
7f1b1e4f1520  00000000 00000000 00000000 00000000
7f1b1e4f1530  00000000 00000000 00000000 00000000
7f1b1e4f1540  00000000 00000000 00000000 00000000
7f1b1e4f1550  00000000 00000000 00000000 00000000
7f1b1e4f1560  00000000 00000000 00000000 00000000
7f1b1e4f1570  00000000 00000000 00000000 00000000
7f1b1e4f1580  00000000 00000000 00000000 00000000
7f1b1e4f1590  00000000 00000000 00000000 00000000
7f1b1e4f15a0  00000000 00000000 00000000 00000000
7f1b1e4f15b0  00000000 00000000 00000000 00000000
7f1b1e4f15c0  00000000 00000000 00000000 00000000
7f1b1e4f15d0  00000000 00000000 00000000 00000000
7f1b1e4f15e0  00000000 00000000 00000000 00000000
7f1b1e4f15f0  00000000 00000000 00000000 00000000
7f1b1e4f1600  00000000 00000000 00000000 00000000
7f1b1e4f1610  00000000 00000000 00000000 00000000
7f1b1e4f1620  00000000 00000000 00000000 00000000
7f1b1e4f1630  00000000 00000000 00000000 00000000
7f1b1e4f1640  00000000 00000000 00000000 00000000
7f1b1e4f1650  00000000 00000000 00000000 00000000
7f1b1e4f1660  00000000 00000000 00000000 00000000
7f1b1e4f1670  00000000 00000000 00000000 00000000
7f1b1e4f1680  00000000 00000000 00000000 00000000
7f1b1e4f1690  00000000 00000000 00000000 00000000
7f1b1e4f16a0  00000000 00000000 00000000 00000000
7f1b1e4f16b0  00000000 00000000 00000000 00000000
7f1b1e4f16c0  00000000 00000000 00000000 00000000
7f1b1e4f16d0  00000000 00000000 00000000 00000000
7f1b1e4f16e0  00000000 00000000 00000000 00000000
7f1b1e4f16f0  00000000 00000000 00000000 00000000
7f1b1e4f1700  00000000 00000000 00000000 00000000
7f1b1e4f1710  00000000 00000000 00000000 00000000
7f1b1e4f1720  00000000 00000000 00000000 00000000
7f1b1e4f1730  00000000 00000000 00000000 00000000
7f1b1e4f1740  00000000 00000000 00000000 00000000
7f1b1e4f1750  00000000 00000000 00000000 00000000
7f1b1e4f1760  00000000 00000000 00000000 00000000
7f1b1e4f1770  00000000 00000000 00000000 00000000
7f1b1e4f1780  00000000 00000000 00000000 00000000
7f1b1e4f1790  00000000 00000000 00000000 00000000
7f1b1e4f17a0  00000000 00000000 00000000 00000000
7f1b1e4f17b0  00000000 00000000 00000000 00000000
7f1b1e4f17c0  00000000 00000000 00000000 00000000
7f1b1e4f17d0  00000000 00000000 00000000 00000000
7f1b1e4f17e0  00000000 00000000 00000000 00000000
7f1b1e4f17f0  00000000 00000000 00000000 00000000
7f1b1e4f1800  00000000 00000000 00000000 00000000
7f1b1e4f1810  00000000 00000000 00000000 00000000
7f1b1e4f1820  00000000 00000000 00000000 00000000
7f1b1e4f1830  00000000 00000000 00000000 00000000
7f1b1e4f1840  00000000 00000000 00000000 00000000
7f1b1e4f1850  00000000 00000000 00000000 00000000
7f1b1e4f1860  00000000 00000000 00000000 00000000
7f1b1e4f1870  00000000 00000000 00000000 00000000
7f1b1e4f1880  00000000 00000000 00000000 00000000
7f1b1e4f1890  00000000 00000000 00000000 00000000
7f1b1e4f18a0  00000000 00000000 00000000 00000000
7f1b1e4f18b0  00000000 00000000 00000000 00000000
7f1b1e4f18c0  00000000 00000000 00000000 00000000
7f1b1e4f18d0  00000000 00000000 00000000 00000000
7f1b1e4f18e0  00000000 00000000 00000000 00000000
7f1b1e4f18f0  00000000 00000000 00000000 00000000
7f1b1e4f1900  00000000 00000000 00000000 00000000
7f1b1e4f1910  00000000 00000000 00000000 00000000
7f1b1e4f1920  00000000 00000000 00000000 00000000
7f1b1e4f1930  00000000 00000000 00000000 00000000
7f1b1e4f1940  00000000 00000000 00000000 00000000
7f1b1e4f1950  00000000 00000000 00000000 00000000
7f1b1e4f1960  00000000 00000000 00000000 00000000
7f1b1e4f1970  00000000 00000000 00000000 00000000
7f1b1e4f1980  00000000 00000000 00000000 00000000
7f1b1e4f1990  00000000 00000000 00000000 00000000
7f1b1e4f19a0  00000000 00000000 00000000 00000000
7f1b1e4f19b0  00000000 00000000 00000000 00000000
7f1b1e4f19c0  00000000 00000000 00000000 00000000
7f1b1e4f19d0  00000000 00000000 00000000 00000000
7f1b1e4f19e0  00000000 00000000 00000000 00000000
7f1b1e4f19f0  00000000 00000000 00000000 00000000
7f1b1e4f1a00  00000000 00000000 00000000 00000000
7f1b1e4f1a10  00000000 00000000 00000000 00000000
7f1b1e4f1a20  00000000 00000000 00000000 00000000
7f1b1e4f1a30  00000000 00000000 00000000 00000000
7f1b1e4f1a40  00000000 00000000 00000000 00000000
7f1b1e4f1a50  00000000 00000000 00000000 00000000
7f1b1e4f1a60  00000000 00000000 00000000 00000000
7f1b1e4f1a70  00000000 00000000 00000000 00000000
7f1b1e4f1a80  00000000 00000000 00000000 00000000
7f1b1e4f1a90  00000000 00000000 00000000 00000000
7f1b1e4f1aa0  00000000 00000000 00000000 00000000
7f1b1e4f1ab0  00000000 00000000 00000000 00000000
7f1b1e4f1ac0  00000000 00000000 00000000 00000000
7f1b1e4f1ad0  00000000 00000000 00000000 00000000
7f1b1e4f1ae0  00000000 00000000 00000000 00000000
7f1b1e4f1af0  00000000 00000000 00000000 00000000
7f1b1e4f1b00  00000000 00000000 00000000 00000000
7f1b1e4f1b10  00000000 00000000 00000000 00000000
7f1b1e4f1b20  00000000 00000000 00000000 00000000
7f1b1e4f1b30  00000000 00000000 00000000 00000000
7f1b1e4f1b40  00000000 00000000 00000000 00000000
7f1b1e4f1b50  00000000 00000000 00000000 00000000
7f1b1e4f1b60  00000000 00000000 00000000 00000000
7f1b1e4f1b70  00000000 00000000 00000000 00000000
7f1b1e4f1b80  00000000 00000000 00000000 00000000
7f1b1e4f1b90  00000000 00000000 00000000 00000000
7f1b1e4f1ba0  00000000 00000000 00000000 00000000
7f1b1e4f1bb0  00000000 00000000 00000000 00000000
7f1b1e4f1bc0  00000000 00000000 00000000 00000000
7f1b1e4f1bd0  00000000 00000000 00000000 00000000
7f1b1e4f1be0  00000000 00000000 00000000 00000000
7f1b1e4f1bf0  00000000 00000000 00000000 00000000
7f1b1e4f1c00  00000000 00000000 00000000 00000000
7f1b1e4f1c10  00000000 00000000 00000000 00000000
7f1b1e4f1c20  00000000 00000000 00000000 00000000
7f1b1e4f1c30  00000000 00000000 00000000 00000000
7f1b1e4f1c40  00000000 00000000 00000000 00000000
7f1b1e4f1c50  00000000 00000000 00000000 00000000
7f1b1e4f1c60  00000000 00000000 00000000 00000000
7f1b1e4f1c70  00000000 00000000 00000000 00000000
7f1b1e4f1c80  00000000 00000000 00000000 00000000
7f1b1e4f1c90  00000000 00000000 00000000 00000000
7f1b1e4f1ca0  00000000 00000000 00000000 00000000
7f1b1e4f1cb0  00000000 00000000 00000000 00000000
7f1b1e4f1cc0  00000000 00000000 00000000 00000000
7f1b1e4f1cd0  00000000 00000000 00000000 00000000
7f1b1e4f1ce0  00000000 00000000 00000000 00000000
7f1b1e4f1cf0  00000000 00000000 00000000 00000000
7f1b1e4f1d00  00000000 00000000 00000000 00000000
7f1b1e4f1d10  00000000 00000000 00000000 00000000
7f1b1e4f1d20  00000000 00000000 00000000 00000000
7f1b1e4f1d30  00000000 00000000 00000000 00000000
7f1b1e4f1d40  00000000 00000000 00000000 00000000
7f1b1e4f1d50  00000000 00000000 00000000 00000000
7f1b1e4f1d60  00000000 00000000 00000000 00000000
7f1b1e4f1d70  00000000 00000000 00000000 00000000
7f1b1e4f1d80  00000000 00000000 00000000 00000000
7f1b1e4f1d90  00000000 00000000 00000000 00000000
7f1b1e4f1da0  00000000 00000000 00000000 00000000
7f1b1e4f1db0  00000000 00000000 00000000 00000000
7f1b1e4f1dc0  00000000 00000000 00000000 00000000
7f1b1e4f1dd0  00000000 00000000 00000000 00000000
7f1b1e4f1de0  00000000 00000000 00000000 00000000
7f1b1e4f1df0  00000000 00000000 00000000 00000000
7f1b1e4f1e00  00000000 00000000 00000000 00000000
7f1b1e4f1e10  00000000 00000000 00000000 00000000
7f1b1e4f1e20  00000000 00000000 00000000 00000000
7f1b1e4f1e30  00000000 00000000 00000000 00000000
7f1b1e4f1e40  00000000 00000000 00000000 00000000
7f1b1e4f1e50  00000000 00000000 00000000 00000000
7f1b1e4f1e60  00000000 00000000 000111a1 00000000
7f1b1e4f1e70  00000000 00000000 00000000 00000000
7f1b1e4f1e80  00000000 00000000 00000000 00000000
7f1b1e4f1e90  00000000 00000000 00011171 00000000
7f1b1e4f1ea0  20202020 68432023 206b6365 20726f66
7f1b1e4f1eb0  61666564 20746c75 6c6e7572 6c657665
7f1b1e4f1ec0  206e6920 6374652f 696e692f 62617474
7f1b1e4f1ed0  2020200a 20666920 722d205b 74652f20
7f1b1e4f1ee0  6e692f63 61747469 0a5d2062 20202020
7f1b1e4f1ef0  6e656874 7665090a 22206c61 65732824
7f1b1e4f1f00  6e2d2064 27206572 5b5e2f73 5b5d235e
7f1b1e4f1f10  2a5d3a5e 305b283a 5373362d 693a295d
7f1b1e4f1f20  6474696e 75616665 2e3a746c 45442f2a
7f1b1e4f1f30  4c554146 55525f54 56454c4e 223d4c45
7f1b1e4f1f40  3b22315c 2027702f 6374652f 696e692f
7f1b1e4f1f50  62617474 207c7c20 65757274 200a2229
7f1b1e4f1f60  66202020 200a0a69 23202020 65684320
7f1b1e4f1f70  6b206b63 656e7265 6f63206c 6e616d6d
7f1b1e4f1f80  696c2d64 6620656e 7420726f 63697079
7f1b1e4f1f90  61206c61 6d756772 73746e65 2020200a
7f1b1e4f1fa0  726f6620 47524120 206e6920 61632824
7f1b1e4f1fb0  702f2074 2f636f72 6c646d63 29656e69
7f1b1e4f1fc0  2020200a 0a6f6420 73616309 24222065
7f1b1e4f1fd0  4752417b 6920227d 2d090a6e 6d657c62
7f1b1e4f1fe0  65677265 2979636e 2020090a 20232020
7f1b1e4f1ff0  72656d45 636e6567 68732079 0a6c6c65
