
7f1b1e4f3000  00000000 00000000 00000000 00000000
7f1b1e4f3010  00000000 00000000 00000000 00000000
7f1b1e4f3020  00000000 00000000 00000000 00000000
7f1b1e4f3030  00000000 00000000 00000000 00000000
7f1b1e4f3040  00000000 00000000 00000000 00000000
7f1b1e4f3050  00000000 00000000 00000000 00000000
7f1b1e4f3060  00000000 00000000 00000000 00000000
7f1b1e4f3070  00000000 00000000 00000000 00000000
7f1b1e4f3080  00000000 00000000 00000000 00000000
7f1b1e4f3090  00000000 00000000 00000000 00000000
7f1b1e4f30a0  00000000 00000000 00000000 00000000
7f1b1e4f30b0  00000000 00000000 00000000 00000000
7f1b1e4f30c0  00000000 00000000 00000000 00000000
7f1b1e4f30d0  00000000 00000000 00000000 00000000
7f1b1e4f30e0  00000000 00000000 00000000 00000000
7f1b1e4f30f0  00000000 00000000 00000000 00000000
7f1b1e4f3100  00000000 00000000 00000000 00000000
7f1b1e4f3110  00000000 00000000 00000000 00000000
7f1b1e4f3120  00000000 00000000 00000000 00000000
7f1b1e4f3130  00000000 00000000 00000000 00000000
7f1b1e4f3140  00000000 00000000 00000000 00000000
7f1b1e4f3150  00000000 00000000 00000000 00000000
7f1b1e4f3160  00000000 00000000 00000000 00000000
7f1b1e4f3170  00000000 00000000 00000000 00000000
7f1b1e4f3180  00000000 00000000 00000000 00000000
7f1b1e4f3190  00000000 00000000 00000000 00000000
7f1b1e4f31a0  00000000 00000000 00000000 00000000
7f1b1e4f31b0  00000000 00000000 00000000 00000000
7f1b1e4f31c0  00000000 00000000 00000000 00000000
7f1b1e4f31d0  00000000 00000000 00000000 00000000
7f1b1e4f31e0  00000000 00000000 00000000 00000000
7f1b1e4f31f0  00000000 00000000 00000000 00000000
7f1b1e4f3200  00000000 00000000 00000000 00000000
7f1b1e4f3210  00000000 00000000 00000000 00000000
7f1b1e4f3220  00000000 00000000 00000000 00000000
7f1b1e4f3230  00000000 00000000 00000000 00000000
7f1b1e4f3240  00000000 00000000 00000000 00000000
7f1b1e4f3250  00000000 00000000 00000000 00000000
7f1b1e4f3260  00000000 00000000 00000000 00000000
7f1b1e4f3270  00000000 00000000 00000000 00000000
7f1b1e4f3280  00000000 00000000 00000000 00000000
7f1b1e4f3290  00000000 00000000 00000000 00000000
7f1b1e4f32a0  00000000 00000000 00000000 00000000
7f1b1e4f32b0  00000000 00000000 00000000 00000000
7f1b1e4f32c0  00000000 00000000 00000000 00000000
7f1b1e4f32d0  00000000 00000000 00000000 00000000
7f1b1e4f32e0  00000000 00000000 00000000 00000000
7f1b1e4f32f0  00000000 00000000 00000000 00000000
7f1b1e4f3300  00000000 00000000 00000000 00000000
7f1b1e4f3310  00000000 00000000 00000000 00000000
7f1b1e4f3320  00000000 00000000 00000000 00000000
7f1b1e4f3330  00000000 00000000 00000000 00000000
7f1b1e4f3340  00000000 00000000 00000000 00000000
7f1b1e4f3350  00000000 00000000 00000000 00000000
7f1b1e4f3360  00000000 00000000 00000000 00000000
7f1b1e4f3370  00000000 00000000 00000000 00000000
7f1b1e4f3380  00000000 00000000 00000000 00000000
7f1b1e4f3390  00000000 00000000 00000000 00000000
7f1b1e4f33a0  00000000 00000000 00000000 00000000
7f1b1e4f33b0  00000000 00000000 00000000 00000000
7f1b1e4f33c0  00000000 00000000 00000000 00000000
7f1b1e4f33d0  00000000 00000000 00000000 00000000
7f1b1e4f33e0  00000000 00000000 00000000 00000000
7f1b1e4f33f0  00000000 00000000 00000000 00000000
7f1b1e4f3400  00000000 00000000 00000000 00000000
7f1b1e4f3410  00000000 00000000 00000000 00000000
7f1b1e4f3420  00000000 00000000 00000000 00000000
7f1b1e4f3430  00000000 00000000 00000000 00000000
7f1b1e4f3440  00000000 00000000 00000000 00000000
7f1b1e4f3450  00000000 00000000 00000000 00000000
7f1b1e4f3460  00000000 00000000 00000000 00000000
7f1b1e4f3470  00000000 00000000 00000000 00000000
7f1b1e4f3480  00000000 00000000 00000000 00000000
7f1b1e4f3490  00000000 00000000 00000000 00000000
7f1b1e4f34a0  00000000 00000000 00000000 00000000
7f1b1e4f34b0  00000000 00000000 00000000 00000000
7f1b1e4f34c0  00000000 00000000 00000000 00000000
7f1b1e4f34d0  00000000 00000000 00000000 00000000
7f1b1e4f34e0  00000000 00000000 00000000 00000000
7f1b1e4f34f0  00000000 00000000 00000000 00000000
7f1b1e4f3500  00000000 00000000 00000000 00000000
7f1b1e4f3510  00000000 00000000 00000000 00000000
7f1b1e4f3520  00000000 00000000 00000000 00000000
7f1b1e4f3530  00000000 00000000 00000000 00000000
7f1b1e4f3540  00000000 00000000 00000000 00000000
7f1b1e4f3550  00000000 00000000 00000000 00000000
7f1b1e4f3560  00000000 00000000 00000000 00000000
7f1b1e4f3570  00000000 00000000 00000000 00000000
7f1b1e4f3580  00000000 00000000 00000000 00000000
7f1b1e4f3590  00000000 00000000 00000000 00000000
7f1b1e4f35a0  00000000 00000000 00000000 00000000
7f1b1e4f35b0  00000000 00000000 00000000 00000000
7f1b1e4f35c0  00000000 00000000 00000000 00000000
7f1b1e4f35d0  00000000 00000000 00000000 00000000
7f1b1e4f35e0  00000000 00000000 00000000 00000000
7f1b1e4f35f0  00000000 00000000 00000000 00000000
7f1b1e4f3600  00000000 00000000 00000000 00000000
7f1b1e4f3610  00000000 00000000 00000000 00000000
7f1b1e4f3620  00000000 00000000 00000000 00000000
7f1b1e4f3630  00000000 00000000 00000000 00000000
7f1b1e4f3640  00000000 00000000 00000000 00000000
7f1b1e4f3650  00000000 00000000 00000000 00000000
7f1b1e4f3660  00000000 00000000 00000000 00000000
7f1b1e4f3670  00000000 00000000 00000000 00000000
7f1b1e4f3680  00000000 00000000 00000000 00000000
7f1b1e4f3690  00000000 00000000 00000000 00000000
7f1b1e4f36a0  00000000 00000000 00000000 00000000
7f1b1e4f36b0  00000000 00000000 00000000 00000000
7f1b1e4f36c0  00000000 00000000 00000000 00000000
7f1b1e4f36d0  00000000 00000000 00000000 00000000
7f1b1e4f36e0  00000000 00000000 00000000 00000000
7f1b1e4f36f0  00000000 00000000 00000000 00000000
7f1b1e4f3700  00000000 00000000 00000000 00000000
7f1b1e4f3710  00000000 00000000 00000000 00000000
7f1b1e4f3720  00000000 00000000 00000000 00000000
7f1b1e4f3730  00000000 00000000 00000000 00000000
7f1b1e4f3740  00000000 00000000 00000000 00000000
7f1b1e4f3750  00000000 00000000 00000000 00000000
7f1b1e4f3760  00000000 00000000 00000000 00000000
7f1b1e4f3770  00000000 00000000 00000000 00000000
7f1b1e4f3780  00000000 00000000 00000000 00000000
7f1b1e4f3790  00000000 00000000 00000000 00000000
7f1b1e4f37a0  00000000 00000000 00000000 00000000
7f1b1e4f37b0  00000000 00000000 00000000 00000000
7f1b1e4f37c0  00000000 00000000 00000000 00000000
7f1b1e4f37d0  00000000 00000000 00000000 00000000
7f1b1e4f37e0  00000000 00000000 00000000 00000000
7f1b1e4f37f0  00000000 00000000 00000000 00000000
7f1b1e4f3800  00000000 00000000 00000000 00000000
7f1b1e4f3810  00000000 00000000 00000000 00000000
7f1b1e4f3820  00000000 00000000 00000000 00000000
7f1b1e4f3830  00000000 00000000 00000000 00000000
7f1b1e4f3840  00000000 00000000 00000000 00000000
7f1b1e4f3850  00000000 00000000 00000000 00000000
7f1b1e4f3860  00000000 00000000 00000000 00000000
7f1b1e4f3870  00000000 00000000 00000000 00000000
7f1b1e4f3880  00000000 00000000 00000000 00000000
7f1b1e4f3890  00000000 00000000 00000000 00000000
7f1b1e4f38a0  00000000 00000000 00000000 00000000
7f1b1e4f38b0  00000000 00000000 00000000 00000000
7f1b1e4f38c0  00000000 00000000 00000000 00000000
7f1b1e4f38d0  00000000 00000000 00000000 00000000
7f1b1e4f38e0  00000000 00000000 00000000 00000000
7f1b1e4f38f0  00000000 00000000 00000000 00000000
7f1b1e4f3900  00000000 00000000 00000000 00000000
7f1b1e4f3910  00000000 00000000 00000000 00000000
7f1b1e4f3920  00000000 00000000 00000000 00000000
7f1b1e4f3930  00000000 00000000 00000000 00000000
7f1b1e4f3940  00000000 00000000 00000000 00000000
7f1b1e4f3950  00000000 00000000 00000000 00000000
7f1b1e4f3960  00000000 00000000 00000000 00000000
7f1b1e4f3970  00000000 00000000 00000000 00000000
7f1b1e4f3980  00000000 00000000 00000000 00000000
7f1b1e4f3990  00000000 00000000 00000000 00000000
7f1b1e4f39a0  00000000 00000000 00000000 00000000
7f1b1e4f39b0  00000000 00000000 00000000 00000000
7f1b1e4f39c0  00000000 00000000 00000000 00000000
7f1b1e4f39d0  00000000 00000000 00000000 00000000
7f1b1e4f39e0  00000000 00000000 00000000 00000000
7f1b1e4f39f0  00000000 00000000 00000000 00000000
7f1b1e4f3a00  00000000 00000000 00000000 00000000
7f1b1e4f3a10  00000000 00000000 00000000 00000000
7f1b1e4f3a20  00000000 00000000 00000000 00000000
7f1b1e4f3a30  00000000 00000000 00000000 00000000
7f1b1e4f3a40  00000000 00000000 00000000 00000000
7f1b1e4f3a50  00000000 00000000 00000000 00000000
7f1b1e4f3a60  00000000 00000000 00000000 00000000
7f1b1e4f3a70  00000000 00000000 00000000 00000000
7f1b1e4f3a80  00000000 00000000 00000000 00000000
7f1b1e4f3a90  00000000 00000000 00000000 00000000
7f1b1e4f3aa0  00000000 00000000 00000000 00000000
7f1b1e4f3ab0  00000000 00000000 00000000 00000000
7f1b1e4f3ac0  00000000 00000000 00000000 00000000
7f1b1e4f3ad0  00000000 00000000 00000000 00000000
7f1b1e4f3ae0  00000000 00000000 00000000 00000000
7f1b1e4f3af0  00000000 00000000 00000000 00000000
7f1b1e4f3b00  00000000 00000000 00000000 00000000
7f1b1e4f3b10  00000000 00000000 00000000 00000000
7f1b1e4f3b20  00000000 00000000 00000000 00000000
7f1b1e4f3b30  00000000 00000000 00000000 00000000
7f1b1e4f3b40  00000000 00000000 00000000 00000000
7f1b1e4f3b50  00000000 00000000 00000000 00000000
7f1b1e4f3b60  00000000 00000000 00000000 00000000
7f1b1e4f3b70  00000000 00000000 00000000 00000000
7f1b1e4f3b80  00000000 00000000 00000000 00000000
7f1b1e4f3b90  00000000 00000000 00000000 00000000
7f1b1e4f3ba0  00000000 00000000 00000000 00000000
7f1b1e4f3bb0  00000000 00000000 00000000 00000000
7f1b1e4f3bc0  00000000 00000000 00000000 00000000
7f1b1e4f3bd0  00000000 00000000 00000000 00000000
7f1b1e4f3be0  00000000 00000000 00000000 00000000
7f1b1e4f3bf0  00000000 00000000 00000000 00000000
7f1b1e4f3c00  00000000 00000000 00000000 00000000
7f1b1e4f3c10  00000000 00000000 00000000 00000000
7f1b1e4f3c20  00000000 00000000 00000000 00000000
7f1b1e4f3c30  00000000 00000000 00000000 00000000
7f1b1e4f3c40  00000000 00000000 00000000 00000000
7f1b1e4f3c50  00000000 00000000 00000000 00000000
7f1b1e4f3c60  00000000 00000000 00000000 00000000
7f1b1e4f3c70  00000000 00000000 00000000 00000000
7f1b1e4f3c80  00000000 00000000 00000000 00000000
7f1b1e4f3c90  00000000 00000000 00000000 00000000
7f1b1e4f3ca0  00000000 00000000 00000000 00000000
7f1b1e4f3cb0  00000000 00000000 00000000 00000000
7f1b1e4f3cc0  00000000 00000000 00000000 00000000
7f1b1e4f3cd0  00000000 00000000 00000000 00000000
7f1b1e4f3ce0  00000000 00000000 00000000 00000000
7f1b1e4f3cf0  00000000 00000000 00000000 00000000
7f1b1e4f3d00  00000000 00000000 00000000 00000000
7f1b1e4f3d10  00000000 00000000 00000000 00000000
7f1b1e4f3d20  00000000 00000000 00000000 00000000
7f1b1e4f3d30  00000000 00000000 00000000 00000000
7f1b1e4f3d40  00000000 00000000 00000000 00000000
7f1b1e4f3d50  00000000 00000000 00000000 00000000
7f1b1e4f3d60  00000000 00000000 00000000 00000000
7f1b1e4f3d70  00000000 00000000 00000000 00000000
7f1b1e4f3d80  00000000 00000000 00000000 00000000
7f1b1e4f3d90  00000000 00000000 00000000 00000000
7f1b1e4f3da0  00000000 00000000 00000000 00000000
7f1b1e4f3db0  00000000 00000000 00000000 00000000
7f1b1e4f3dc0  00000000 00000000 00000000 00000000
7f1b1e4f3dd0  00000000 00000000 00000000 00000000
7f1b1e4f3de0  00000000 00000000 00000000 00000000
7f1b1e4f3df0  00000000 00000000 00000000 00000000
7f1b1e4f3e00  00000000 00000000 00000000 00000000
7f1b1e4f3e10  00000000 00000000 00000000 00000000
7f1b1e4f3e20  00000000 00000000 00000000 00000000
7f1b1e4f3e30  00000000 00000000 00000000 00000000
7f1b1e4f3e40  00000000 00000000 00000000 00000000
7f1b1e4f3e50  00000000 00000000 00000000 00000000
7f1b1e4f3e60  00000000 00000000 00000000 00000000
7f1b1e4f3e70  00000000 00000000 00000000 00000000
7f1b1e4f3e80  00000000 00000000 00000000 00000000
7f1b1e4f3e90  00000000 00000000 00000000 00000000
7f1b1e4f3ea0  00000000 00000000 0000f161 00000000
7f1b1e4f3eb0  00000000 00000000 00000000 00000000
7f1b1e4f3ec0  00000000 00000000 00000000 00000000
7f1b1e4f3ed0  00000000 00000000 00000000 00000000
7f1b1e4f3ee0  00000000 00000000 00000000 00000000
7f1b1e4f3ef0  00000000 00000000 00000000 00000000
7f1b1e4f3f00  00000000 00000000 00000000 00000000
7f1b1e4f3f10  00000000 00000000 00000000 00000000
7f1b1e4f3f20  00000000 00000000 00000000 00000000
7f1b1e4f3f30  00000000 00000000 00000000 00000000
7f1b1e4f3f40  00000000 00000000 00000000 00000000
7f1b1e4f3f50  00000000 00000000 00000000 00000000
7f1b1e4f3f60  00000000 00000000 00000000 00000000
7f1b1e4f3f70  00000000 00000000 00000000 00000000
7f1b1e4f3f80  00000000 00000000 00000000 00000000
7f1b1e4f3f90  00000000 00000000 00000000 00000000
7f1b1e4f3fa0  00000000 00000000 00000000 00000000
7f1b1e4f3fb0  00000000 00000000 00000000 00000000
7f1b1e4f3fc0  00000000 00000000 00000000 00000000
7f1b1e4f3fd0  00000000 00000000 00000000 00000000
7f1b1e4f3fe0  00000000 00000000 00000000 00000000
7f1b1e4f3ff0  00000000 00000000 00000000 00000000
